0 0.517045 0.577982 0.003906 0.005373
0 0.566158 0.520302 0.003906 0.005373
0 0.570355 0.586015 0.003906 0.005373
0 0.563176 0.401453 0.003906 0.005373
0 0.615068 0.592556 0.003906 0.005373
0 0.421175 0.675746 0.003906 0.005373
0 0.622253 0.271432 0.003906 0.005373
0 0.311530 0.615796 0.003906 0.005373
0 0.708641 0.487224 0.003906 0.005373
0 0.608672 0.252847 0.003906 0.005373
0 0.303554 0.611035 0.003906 0.005373
0 0.278872 0.436715 0.003906 0.005373
0 0.253198 0.527077 0.003906 0.005373
0 0.750557 0.497994 0.003906 0.005373
0 0.294817 0.728225 0.003906 0.005373
0 0.712656 0.715206 0.003906 0.005373
0 0.769172 0.419990 0.003906 0.005373
0 0.229512 0.578757 0.003906 0.005373
0 0.243801 0.643235 0.003906 0.005373
0 0.362945 0.141798 0.003906 0.005373
0 0.212878 0.380834 0.003906 0.005373
0 0.193579 0.469086 0.003906 0.005373
0 0.756455 0.261202 0.003906 0.005373
0 0.759159 0.741758 0.003906 0.005373
0 0.567762 0.058911 0.003906 0.005373
0 0.346377 0.899500 0.003906 0.005373
0 0.436523 0.048891 0.003906 0.005373
0 0.279710 0.868104 0.003906 0.005373
0 0.664315 0.922537 0.003906 0.005373
0 0.169298 0.658314 0.003906 0.005373
0 0.401591 0.036902 0.003906 0.005373
0 0.290881 0.914224 0.003906 0.005373
0 0.874193 0.423465 0.003906 0.005373
0 0.844699 0.272427 0.003906 0.005373
0 0.136100 0.676448 0.003906 0.005373
0 0.189438 0.824064 0.003906 0.005373
0 0.884364 0.312830 0.003906 0.005373
0 0.884663 0.313109 0.003906 0.005373
0 0.229119 0.934633 0.003906 0.005373
0 0.893523 0.695082 0.003906 0.005373
0 0.756733 0.039816 0.003906 0.005373
0 0.220309 0.065065 0.003906 0.005373
0 0.879255 0.780187 0.003906 0.005373
0 0.067595 0.510602 0.003906 0.005373
0 0.808142 0.077311 0.003906 0.005373
0 0.918653 0.674272 0.003906 0.005373
0 0.185515 0.053389 0.003906 0.005373
0 0.076815 0.821776 0.003906 0.005373
0 0.014096 0.429355 0.003906 0.005373
0 0.024524 0.767885 0.003906 0.005373
0 0.000232 0.685011 0.003906 0.005373
0 0.910044 0.055388 0.003906 0.005373
0 0.115122 0.998216 0.003906 0.005373
0 0.069671 0.075298 0.003906 0.005373
0 0.953372 0.087815 0.003906 0.005373
0 0.918447 0.012627 0.003906 0.005373
0 0.974889 0.113379 0.003906 0.005373
0 0.008434 0.120765 0.003906 0.005373
0 0.990142 0.991673 0.003906 0.005373
