0 0.477192 0.513234 0.003906 0.005373
0 0.473477 0.464261 0.003906 0.005373
0 0.491773 0.390235 0.003906 0.005373
0 0.512071 0.344258 0.003906 0.005373
0 0.374114 0.542206 0.003906 0.005373
0 0.430271 0.340591 0.003906 0.005373
0 0.563999 0.670825 0.003906 0.005373
0 0.412899 0.311754 0.003906 0.005373
0 0.684329 0.667967 0.003906 0.005373
0 0.533592 0.176289 0.003906 0.005373
0 0.737923 0.733694 0.003906 0.005373
0 0.481426 0.072899 0.003906 0.005373
0 0.799656 0.644541 0.003906 0.005373
0 0.180147 0.451676 0.003906 0.005373
0 0.641414 0.901222 0.003906 0.005373
0 0.221826 0.737865 0.003906 0.005373
0 0.381082 0.059630 0.003906 0.005373
0 0.774243 0.810111 0.003906 0.005373
0 0.184217 0.265447 0.003906 0.005373
0 0.695798 0.921257 0.003906 0.005373
0 0.847281 0.738373 0.003906 0.005373
0 0.807143 0.154413 0.003906 0.005373
0 0.253439 0.058227 0.003906 0.005373
0 0.216198 0.049252 0.003906 0.005373
0 0.066987 0.567300 0.003906 0.005373
0 0.865650 0.163334 0.003906 0.005373
0 0.069265 0.372893 0.003906 0.005373
0 0.132740 0.835628 0.003906 0.005373
0 0.920575 0.743833 0.003906 0.005373
0 0.980582 0.474631 0.003906 0.005373
0 0.848413 0.994067 0.003906 0.005373
0 0.019553 0.847928 0.003906 0.005373
0 0.057639 0.032142 0.003906 0.005373
