0 0.544786 0.438529 0.003906 0.005373
0 0.484421 0.641209 0.003906 0.005373
0 0.493640 0.357502 0.003906 0.005373
0 0.416102 0.601261 0.003906 0.005373
0 0.459688 0.649176 0.003906 0.005373
0 0.458975 0.648842 0.003906 0.005373
0 0.620040 0.494259 0.003906 0.005373
0 0.577989 0.681923 0.003906 0.005373
0 0.331543 0.530252 0.003906 0.005373
0 0.361312 0.681602 0.003906 0.005373
0 0.304688 0.531997 0.003906 0.005373
0 0.348289 0.673225 0.003906 0.005373
0 0.363839 0.697454 0.003906 0.005373
0 0.332701 0.711489 0.003906 0.005373
0 0.495740 0.819736 0.003906 0.005373
0 0.750023 0.457576 0.003906 0.005373
0 0.339534 0.767448 0.003906 0.005373
0 0.266968 0.344581 0.003906 0.005373
0 0.644763 0.835205 0.003906 0.005373
0 0.213359 0.478424 0.003906 0.005373
0 0.577163 0.883716 0.003906 0.005373
0 0.278869 0.239153 0.003906 0.005373
0 0.213011 0.429616 0.003906 0.005373
0 0.634446 0.137917 0.003906 0.005373
0 0.216925 0.629042 0.003906 0.005373
0 0.663297 0.848389 0.003906 0.005373
0 0.731008 0.197479 0.003906 0.005373
0 0.830880 0.565881 0.003906 0.005373
0 0.612574 0.948228 0.003906 0.005373
0 0.699727 0.087384 0.003906 0.005373
0 0.840238 0.329259 0.003906 0.005373
0 0.808329 0.782063 0.003906 0.005373
0 0.328213 0.956221 0.003906 0.005373
0 0.827620 0.750302 0.003906 0.005373
0 0.236666 0.873003 0.003906 0.005373
0 0.135260 0.690468 0.003906 0.005373
0 0.880870 0.677730 0.003906 0.005373
0 0.763674 0.919786 0.003906 0.005373
0 0.709520 0.005581 0.003906 0.005373
0 0.909110 0.305656 0.003906 0.005373
0 0.122577 0.205967 0.003906 0.005373
0 0.182885 0.083729 0.003906 0.005373
0 0.817451 0.035400 0.003906 0.005373
0 0.839670 0.052985 0.003906 0.005373
0 0.934372 0.240032 0.003906 0.005373
0 0.858958 0.932957 0.003906 0.005373
0 0.040750 0.274479 0.003906 0.005373
0 0.158150 0.018448 0.003906 0.005373
0 0.076595 0.132678 0.003906 0.005373
0 0.077096 0.883343 0.003906 0.005373
0 0.081930 0.075775 0.003906 0.005373
0 0.024951 0.872367 0.003906 0.005373
0 0.979111 0.037463 0.003906 0.005373
