0 0.498381 0.512624 0.003906 0.005373
0 0.496379 0.446300 0.003906 0.005373
0 0.552986 0.461345 0.003906 0.005373
0 0.563613 0.489922 0.003906 0.005373
0 0.497589 0.410779 0.003906 0.005373
0 0.531757 0.643615 0.003906 0.005373
0 0.509998 0.317012 0.003906 0.005373
0 0.521212 0.317218 0.003906 0.005373
0 0.622876 0.330521 0.003906 0.005373
0 0.667294 0.575550 0.003906 0.005373
0 0.351529 0.636362 0.003906 0.005373
0 0.614449 0.719703 0.003906 0.005373
0 0.706543 0.627292 0.003906 0.005373
0 0.750392 0.496755 0.003906 0.005373
0 0.367890 0.800156 0.003906 0.005373
0 0.752613 0.600315 0.003906 0.005373
0 0.445367 0.138734 0.003906 0.005373
0 0.257276 0.333586 0.003906 0.005373
0 0.375959 0.834768 0.003906 0.005373
0 0.383442 0.146624 0.003906 0.005373
0 0.217005 0.533816 0.003906 0.005373
0 0.723198 0.747882 0.003906 0.005373
0 0.515562 0.896458 0.003906 0.005373
0 0.755727 0.315123 0.003906 0.005373
0 0.416185 0.906585 0.003906 0.005373
0 0.755485 0.769865 0.003906 0.005373
0 0.351728 0.895623 0.003906 0.005373
0 0.804834 0.682615 0.003906 0.005373
0 0.508965 0.041110 0.003906 0.005373
0 0.481255 0.969560 0.003906 0.005373
0 0.611248 0.947143 0.003906 0.005373
0 0.278608 0.865604 0.003906 0.005373
0 0.432259 0.003425 0.003906 0.005373
0 0.349515 0.967855 0.003906 0.005373
0 0.664854 0.973865 0.003906 0.005373
0 0.691177 0.023466 0.003906 0.005373
0 0.772638 0.895937 0.003906 0.005373
0 0.753537 0.068302 0.003906 0.005373
0 0.120852 0.711693 0.003906 0.005373
0 0.859880 0.221380 0.003906 0.005373
0 0.725163 0.979758 0.003906 0.005373
0 0.903557 0.333977 0.003906 0.005373
0 0.065656 0.536800 0.003906 0.005373
0 0.909138 0.262933 0.003906 0.005373
0 0.771409 0.009629 0.003906 0.005373
0 0.054600 0.595059 0.003906 0.005373
0 0.047863 0.704098 0.003906 0.005373
0 0.189539 0.997055 0.003906 0.005373
0 0.952240 0.282124 0.003906 0.005373
0 0.838813 0.032684 0.003906 0.005373
0 0.953308 0.923673 0.003906 0.005373
0 0.985977 0.085530 0.003906 0.005373
0 0.024042 0.054634 0.003906 0.005373
0 0.023826 0.004868 0.003906 0.005373
