0 0.487678 0.519358 0.003906 0.005373
0 0.470560 0.496179 0.003906 0.005373
0 0.545231 0.511566 0.003906 0.005373
0 0.574151 0.618868 0.003906 0.005373
0 0.529526 0.672769 0.003906 0.005373
0 0.544051 0.694947 0.003906 0.005373
0 0.604409 0.332428 0.003906 0.005373
0 0.650013 0.701530 0.003906 0.005373
0 0.309912 0.633910 0.003906 0.005373
0 0.290148 0.376788 0.003906 0.005373
0 0.557100 0.817412 0.003906 0.005373
0 0.746746 0.551105 0.003906 0.005373
0 0.713746 0.312750 0.003906 0.005373
0 0.615066 0.812570 0.003906 0.005373
0 0.722850 0.316654 0.003906 0.005373
0 0.792632 0.512115 0.003906 0.005373
0 0.713895 0.222468 0.003906 0.005373
0 0.473451 0.922762 0.003906 0.005373
0 0.814380 0.563499 0.003906 0.005373
0 0.184927 0.407485 0.003906 0.005373
0 0.193994 0.645982 0.003906 0.005373
0 0.195570 0.654518 0.003906 0.005373
0 0.164206 0.482351 0.003906 0.005373
0 0.779981 0.241763 0.003906 0.005373
0 0.627006 0.954684 0.003906 0.005373
0 0.714472 0.902820 0.003906 0.005373
0 0.441763 0.996764 0.003906 0.005373
0 0.724861 0.084135 0.003906 0.005373
0 0.875360 0.719990 0.003906 0.005373
0 0.105709 0.333388 0.003906 0.005373
0 0.899653 0.347537 0.003906 0.005373
0 0.177359 0.859510 0.003906 0.005373
0 0.074708 0.532169 0.003906 0.005373
0 0.934397 0.526807 0.003906 0.005373
0 0.930917 0.600289 0.003906 0.005373
0 0.846856 0.131828 0.003906 0.005373
0 0.050598 0.646007 0.003906 0.005373
0 0.010087 0.383566 0.003906 0.005373
0 0.929701 0.077072 0.003906 0.005373
0 0.987135 0.892453 0.003906 0.005373
