0 0.464825 0.272522 0.003906 0.005373
0 0.494224 0.252284 0.003906 0.005373
0 0.628656 0.482194 0.003906 0.005373
0 0.580726 0.726594 0.003906 0.005373
0 0.485724 0.212106 0.003906 0.005373
0 0.641731 0.713720 0.003906 0.005373
0 0.397582 0.186930 0.003906 0.005373
0 0.301495 0.626604 0.003906 0.005373
0 0.367847 0.828347 0.003906 0.005373
0 0.712659 0.335902 0.003906 0.005373
0 0.367343 0.873789 0.003906 0.005373
0 0.580584 0.059760 0.003906 0.005373
0 0.547144 0.994104 0.003906 0.005373
0 0.242355 0.545239 0.003906 0.005373
0 0.699575 0.834422 0.003906 0.005373
0 0.688835 0.084175 0.003906 0.005373
0 0.218072 0.405888 0.003906 0.005373
0 0.229392 0.710829 0.003906 0.005373
0 0.323481 0.011265 0.003906 0.005373
0 0.226272 0.251963 0.003906 0.005373
0 0.734828 0.889679 0.003906 0.005373
0 0.206462 0.319348 0.003906 0.005373
0 0.816930 0.437131 0.003906 0.005373
0 0.152980 0.517022 0.003906 0.005373
0 0.848864 0.656197 0.003906 0.005373
0 0.874692 0.281873 0.003906 0.005373
0 0.085775 0.504689 0.003906 0.005373
0 0.908641 0.335332 0.003906 0.005373
0 0.076425 0.426431 0.003906 0.005373
0 0.878114 0.903588 0.003906 0.005373
0 0.954822 0.524169 0.003906 0.005373
0 0.956141 0.515766 0.003906 0.005373
0 0.959716 0.257419 0.003906 0.005373
0 0.010131 0.512311 0.003906 0.005373
