0 0.446675 0.503071 0.003906 0.005373
0 0.514297 0.578569 0.003906 0.005373
0 0.494809 0.417822 0.003906 0.005373
0 0.533569 0.568493 0.003906 0.005373
0 0.523686 0.407610 0.003906 0.005373
0 0.453968 0.424690 0.003906 0.005373
0 0.580240 0.601421 0.003906 0.005373
0 0.388250 0.481607 0.003906 0.005373
0 0.428205 0.380243 0.003906 0.005373
0 0.384256 0.442646 0.003906 0.005373
0 0.501602 0.329049 0.003906 0.005373
0 0.627510 0.412781 0.003906 0.005373
0 0.635403 0.563525 0.003906 0.005373
0 0.434662 0.324609 0.003906 0.005373
0 0.632768 0.587031 0.003906 0.005373
0 0.623978 0.610681 0.003906 0.005373
0 0.633504 0.590577 0.003906 0.005373
0 0.608581 0.358793 0.003906 0.005373
0 0.419833 0.281010 0.003906 0.005373
0 0.607260 0.290236 0.003906 0.005373
0 0.349427 0.694659 0.003906 0.005373
0 0.705246 0.543352 0.003906 0.005373
0 0.504124 0.786964 0.003906 0.005373
0 0.296255 0.416870 0.003906 0.005373
0 0.619303 0.252563 0.003906 0.005373
0 0.576173 0.786690 0.003906 0.005373
0 0.542024 0.199844 0.003906 0.005373
0 0.669689 0.698570 0.003906 0.005373
0 0.541288 0.197269 0.003906 0.005373
0 0.385388 0.769328 0.003906 0.005373
0 0.689588 0.325846 0.003906 0.005373
0 0.719808 0.416635 0.003906 0.005373
0 0.295797 0.661971 0.003906 0.005373
0 0.735834 0.521385 0.003906 0.005373
0 0.598709 0.797475 0.003906 0.005373
0 0.275371 0.384033 0.003906 0.005373
0 0.596075 0.196798 0.003906 0.005373
0 0.257560 0.450452 0.003906 0.005373
0 0.654433 0.237730 0.003906 0.005373
0 0.333591 0.248976 0.003906 0.005373
0 0.644006 0.215938 0.003906 0.005373
0 0.448610 0.845762 0.003906 0.005373
0 0.254162 0.363169 0.003906 0.005373
0 0.745426 0.641521 0.003906 0.005373
0 0.361743 0.182823 0.003906 0.005373
0 0.363894 0.179216 0.003906 0.005373
0 0.703617 0.748441 0.003906 0.005373
0 0.250094 0.649055 0.003906 0.005373
0 0.657885 0.814211 0.003906 0.005373
0 0.527384 0.891272 0.003906 0.005373
0 0.785449 0.472391 0.003906 0.005373
0 0.764430 0.658199 0.003906 0.005373
0 0.266170 0.266383 0.003906 0.005373
0 0.209790 0.526015 0.003906 0.005373
0 0.782700 0.599782 0.003906 0.005373
0 0.789293 0.568839 0.003906 0.005373
0 0.352525 0.850252 0.003906 0.005373
0 0.723400 0.767302 0.003906 0.005373
0 0.655309 0.848275 0.003906 0.005373
0 0.472304 0.090601 0.003906 0.005373
0 0.618515 0.122450 0.003906 0.005373
0 0.219801 0.664221 0.003906 0.005373
0 0.482714 0.077955 0.003906 0.005373
0 0.233073 0.723402 0.003906 0.005373
0 0.813510 0.498761 0.003906 0.005373
0 0.224805 0.287286 0.003906 0.005373
0 0.321049 0.871569 0.003906 0.005373
0 0.629036 0.087565 0.003906 0.005373
0 0.312098 0.870704 0.003906 0.005373
0 0.824184 0.596938 0.003906 0.005373
0 0.775820 0.242905 0.003906 0.005373
0 0.240570 0.211300 0.003906 0.005373
0 0.507341 0.960415 0.003906 0.005373
0 0.838852 0.509911 0.003906 0.005373
0 0.189488 0.296175 0.003906 0.005373
0 0.156025 0.470598 0.003906 0.005373
0 0.854130 0.488346 0.003906 0.005373
0 0.476617 0.013579 0.003906 0.005373
0 0.293887 0.902425 0.003906 0.005373
0 0.685618 0.924838 0.003906 0.005373
0 0.594933 0.021794 0.003906 0.005373
0 0.299238 0.082883 0.003906 0.005373
0 0.141751 0.401105 0.003906 0.005373
0 0.230825 0.159551 0.003906 0.005373
0 0.803470 0.783092 0.003906 0.005373
0 0.182232 0.247706 0.003906 0.005373
0 0.356112 0.965893 0.003906 0.005373
0 0.148126 0.649843 0.003906 0.005373
0 0.855019 0.637526 0.003906 0.005373
0 0.254173 0.883591 0.003906 0.005373
0 0.796615 0.809431 0.003906 0.005373
0 0.613096 0.988813 0.003906 0.005373
0 0.264304 0.901026 0.003906 0.005373
0 0.201359 0.188238 0.003906 0.005373
0 0.335522 0.963715 0.003906 0.005373
0 0.339329 0.033302 0.003906 0.005373
0 0.738259 0.913057 0.003906 0.005373
0 0.115531 0.421955 0.003906 0.005373
0 0.875625 0.356668 0.003906 0.005373
0 0.205703 0.146515 0.003906 0.005373
0 0.838279 0.774821 0.003906 0.005373
0 0.887137 0.631049 0.003906 0.005373
0 0.322327 0.991680 0.003906 0.005373
0 0.119386 0.688054 0.003906 0.005373
0 0.902598 0.430264 0.003906 0.005373
0 0.095582 0.448308 0.003906 0.005373
0 0.849920 0.796139 0.003906 0.005373
0 0.183871 0.126631 0.003906 0.005373
0 0.093238 0.331724 0.003906 0.005373
0 0.075233 0.485558 0.003906 0.005373
0 0.106207 0.267823 0.003906 0.005373
0 0.070356 0.437226 0.003906 0.005373
0 0.798855 0.931925 0.003906 0.005373
0 0.133572 0.819363 0.003906 0.005373
0 0.127823 0.818860 0.003906 0.005373
0 0.227647 0.016931 0.003906 0.005373
0 0.132272 0.843676 0.003906 0.005373
0 0.088126 0.769281 0.003906 0.005373
0 0.900562 0.197593 0.003906 0.005373
0 0.050224 0.364271 0.003906 0.005373
0 0.869073 0.879815 0.003906 0.005373
0 0.888099 0.155763 0.003906 0.005373
0 0.839493 0.936844 0.003906 0.005373
0 0.088583 0.805016 0.003906 0.005373
0 0.063516 0.232406 0.003906 0.005373
0 0.950092 0.728017 0.003906 0.005373
0 0.868981 0.074158 0.003906 0.005373
0 0.982469 0.559217 0.003906 0.005373
0 0.972417 0.657910 0.003906 0.005373
0 0.962503 0.722079 0.003906 0.005373
0 0.097317 0.885105 0.003906 0.005373
0 0.130800 0.055863 0.003906 0.005373
0 0.929592 0.171632 0.003906 0.005373
0 0.012052 0.606809 0.003906 0.005373
0 0.933262 0.845827 0.003906 0.005373
0 0.135770 0.021935 0.003906 0.005373
0 0.025823 0.744494 0.003906 0.005373
0 0.125498 0.016255 0.003906 0.005373
0 0.098870 0.044492 0.003906 0.005373
0 0.005770 0.245460 0.003906 0.005373
0 0.073613 0.931950 0.003906 0.005373
0 0.892654 0.989882 0.003906 0.005373
0 0.051269 0.095565 0.003906 0.005373
0 0.087624 0.983672 0.003906 0.005373
0 0.058130 0.063792 0.003906 0.005373
0 0.992413 0.042928 0.003906 0.005373
