0 0.550872 0.482077 0.003906 0.005373
0 0.399794 0.530277 0.003906 0.005373
0 0.580868 0.598815 0.003906 0.005373
0 0.431317 0.635557 0.003906 0.005373
0 0.428653 0.364945 0.003906 0.005373
0 0.583793 0.641660 0.003906 0.005373
0 0.476706 0.318746 0.003906 0.005373
0 0.576414 0.651672 0.003906 0.005373
0 0.635435 0.552390 0.003906 0.005373
0 0.577358 0.309323 0.003906 0.005373
0 0.407292 0.694686 0.003906 0.005373
0 0.402022 0.302634 0.003906 0.005373
0 0.677633 0.472547 0.003906 0.005373
0 0.320096 0.481137 0.003906 0.005373
0 0.627095 0.313613 0.003906 0.005373
0 0.562100 0.760773 0.003906 0.005373
0 0.537630 0.226742 0.003906 0.005373
0 0.645071 0.697422 0.003906 0.005373
0 0.364161 0.290023 0.003906 0.005373
0 0.355964 0.276302 0.003906 0.005373
0 0.706093 0.612237 0.003906 0.005373
0 0.595475 0.777404 0.003906 0.005373
0 0.353539 0.737544 0.003906 0.005373
0 0.415176 0.210863 0.003906 0.005373
0 0.413772 0.209305 0.003906 0.005373
0 0.550855 0.187323 0.003906 0.005373
0 0.648404 0.781182 0.003906 0.005373
0 0.454953 0.843160 0.003906 0.005373
0 0.245504 0.511184 0.003906 0.005373
0 0.667898 0.233882 0.003906 0.005373
0 0.636928 0.202059 0.003906 0.005373
0 0.286787 0.702235 0.003906 0.005373
0 0.710107 0.708954 0.003906 0.005373
0 0.668588 0.228420 0.003906 0.005373
0 0.476108 0.859137 0.003906 0.005373
0 0.753787 0.599544 0.003906 0.005373
0 0.469533 0.861713 0.003906 0.005373
0 0.334884 0.213339 0.003906 0.005373
0 0.574019 0.143411 0.003906 0.005373
0 0.751619 0.671202 0.003906 0.005373
0 0.770140 0.373450 0.003906 0.005373
0 0.762020 0.684960 0.003906 0.005373
0 0.795740 0.454108 0.003906 0.005373
0 0.257653 0.740763 0.003906 0.005373
0 0.206829 0.415841 0.003906 0.005373
0 0.742088 0.744394 0.003906 0.005373
0 0.245125 0.719214 0.003906 0.005373
0 0.763232 0.703064 0.003906 0.005373
0 0.190636 0.515674 0.003906 0.005373
0 0.733243 0.785910 0.003906 0.005373
0 0.680914 0.852138 0.003906 0.005373
0 0.814135 0.468391 0.003906 0.005373
0 0.336900 0.118800 0.003906 0.005373
0 0.678491 0.123327 0.003906 0.005373
0 0.768303 0.759750 0.003906 0.005373
0 0.726822 0.827692 0.003906 0.005373
0 0.327744 0.110706 0.003906 0.005373
0 0.279319 0.159129 0.003906 0.005373
0 0.281154 0.155634 0.003906 0.005373
0 0.165286 0.510325 0.003906 0.005373
0 0.827710 0.602672 0.003906 0.005373
0 0.513130 0.963687 0.003906 0.005373
0 0.585609 0.050567 0.003906 0.005373
0 0.360828 0.934305 0.003906 0.005373
0 0.812657 0.293594 0.003906 0.005373
0 0.431849 0.973183 0.003906 0.005373
0 0.279745 0.121982 0.003906 0.005373
0 0.398283 0.968670 0.003906 0.005373
0 0.414509 0.019290 0.003906 0.005373
0 0.205490 0.215320 0.003906 0.005373
0 0.210251 0.801973 0.003906 0.005373
0 0.207164 0.797538 0.003906 0.005373
0 0.218110 0.817069 0.003906 0.005373
0 0.135990 0.452480 0.003906 0.005373
0 0.842549 0.321963 0.003906 0.005373
0 0.156218 0.320968 0.003906 0.005373
0 0.186697 0.775536 0.003906 0.005373
0 0.263184 0.105605 0.003906 0.005373
0 0.611152 0.997388 0.003906 0.005373
0 0.339556 0.974256 0.003906 0.005373
0 0.113232 0.506439 0.003906 0.005373
0 0.688847 0.026982 0.003906 0.005373
0 0.331436 0.007696 0.003906 0.005373
0 0.112087 0.381058 0.003906 0.005373
0 0.670788 0.002650 0.003906 0.005373
0 0.274636 0.042805 0.003906 0.005373
0 0.270731 0.040459 0.003906 0.005373
0 0.877322 0.269027 0.003906 0.005373
0 0.900759 0.353420 0.003906 0.005373
0 0.915742 0.586698 0.003906 0.005373
0 0.184800 0.096939 0.003906 0.005373
0 0.923281 0.344087 0.003906 0.005373
0 0.117073 0.797671 0.003906 0.005373
0 0.941887 0.427617 0.003906 0.005373
0 0.789381 0.967261 0.003906 0.005373
0 0.128542 0.159111 0.003906 0.005373
0 0.830048 0.916279 0.003906 0.005373
0 0.050213 0.446831 0.003906 0.005373
0 0.827509 0.053684 0.003906 0.005373
0 0.055286 0.681260 0.003906 0.005373
0 0.078601 0.776393 0.003906 0.005373
0 0.089656 0.817996 0.003906 0.005373
0 0.100448 0.150224 0.003906 0.005373
0 0.187748 0.005165 0.003906 0.005373
0 0.951365 0.286630 0.003906 0.005373
0 0.177668 0.014981 0.003906 0.005373
0 0.979064 0.575002 0.003906 0.005373
0 0.919863 0.837993 0.003906 0.005373
0 0.983870 0.366736 0.003906 0.005373
0 0.930512 0.144925 0.003906 0.005373
0 0.003503 0.615917 0.003906 0.005373
0 0.981625 0.296486 0.003906 0.005373
0 0.021899 0.749200 0.003906 0.005373
0 0.046615 0.079462 0.003906 0.005373
0 0.036327 0.095575 0.003906 0.005373
0 0.003439 0.962106 0.003906 0.005373
