0 0.503385 0.574433 0.003906 0.005373
0 0.475878 0.397105 0.003906 0.005373
0 0.444993 0.592602 0.003906 0.005373
0 0.524233 0.620941 0.003906 0.005373
0 0.573251 0.668740 0.003906 0.005373
0 0.383880 0.372629 0.003906 0.005373
0 0.435847 0.304772 0.003906 0.005373
0 0.647609 0.595743 0.003906 0.005373
0 0.339711 0.611350 0.003906 0.005373
0 0.350910 0.353150 0.003906 0.005373
0 0.320504 0.353706 0.003906 0.005373
0 0.682918 0.648110 0.003906 0.005373
0 0.389585 0.751886 0.003906 0.005373
0 0.379118 0.751570 0.003906 0.005373
0 0.273021 0.452681 0.003906 0.005373
0 0.495060 0.177119 0.003906 0.005373
0 0.714424 0.636337 0.003906 0.005373
0 0.475262 0.174392 0.003906 0.005373
0 0.262620 0.471989 0.003906 0.005373
0 0.451529 0.177210 0.003906 0.005373
0 0.331668 0.257240 0.003906 0.005373
0 0.405093 0.826695 0.003906 0.005373
0 0.713785 0.304668 0.003906 0.005373
0 0.561070 0.141280 0.003906 0.005373
0 0.568412 0.857311 0.003906 0.005373
0 0.554902 0.134035 0.003906 0.005373
0 0.399082 0.851378 0.003906 0.005373
0 0.776600 0.496151 0.003906 0.005373
0 0.418622 0.868773 0.003906 0.005373
0 0.748946 0.696846 0.003906 0.005373
0 0.791741 0.490890 0.003906 0.005373
0 0.380875 0.132861 0.003906 0.005373
0 0.244898 0.697382 0.003906 0.005373
0 0.361554 0.144457 0.003906 0.005373
0 0.360109 0.854691 0.003906 0.005373
0 0.383995 0.870824 0.003906 0.005373
0 0.308365 0.819168 0.003906 0.005373
0 0.756118 0.277468 0.003906 0.005373
0 0.799997 0.417982 0.003906 0.005373
0 0.239931 0.734560 0.003906 0.005373
0 0.711907 0.165700 0.003906 0.005373
0 0.228093 0.258175 0.003906 0.005373
0 0.517715 0.950142 0.003906 0.005373
0 0.798042 0.696194 0.003906 0.005373
0 0.810139 0.676940 0.003906 0.005373
0 0.298337 0.129511 0.003906 0.005373
0 0.255366 0.817923 0.003906 0.005373
0 0.342010 0.914153 0.003906 0.005373
0 0.551537 0.963031 0.003906 0.005373
0 0.848779 0.510842 0.003906 0.005373
0 0.265470 0.858250 0.003906 0.005373
0 0.162043 0.361769 0.003906 0.005373
0 0.293242 0.103714 0.003906 0.005373
0 0.167432 0.329857 0.003906 0.005373
0 0.776346 0.807606 0.003906 0.005373
0 0.144642 0.557566 0.003906 0.005373
0 0.852288 0.607519 0.003906 0.005373
0 0.143895 0.418072 0.003906 0.005373
0 0.801686 0.225274 0.003906 0.005373
0 0.122386 0.516381 0.003906 0.005373
0 0.261873 0.904805 0.003906 0.005373
0 0.843262 0.731105 0.003906 0.005373
0 0.882625 0.580374 0.003906 0.005373
0 0.884966 0.592804 0.003906 0.005373
0 0.850315 0.246693 0.003906 0.005373
0 0.888945 0.631133 0.003906 0.005373
0 0.234385 0.916643 0.003906 0.005373
0 0.186905 0.881151 0.003906 0.005373
0 0.117035 0.733186 0.003906 0.005373
0 0.872321 0.769458 0.003906 0.005373
0 0.178974 0.109051 0.003906 0.005373
0 0.819299 0.893844 0.003906 0.005373
0 0.181115 0.904810 0.003906 0.005373
0 0.079555 0.319539 0.003906 0.005373
0 0.177021 0.913615 0.003906 0.005373
0 0.941298 0.522862 0.003906 0.005373
0 0.099439 0.758752 0.003906 0.005373
0 0.054494 0.566532 0.003906 0.005373
0 0.938166 0.725162 0.003906 0.005373
0 0.032075 0.510676 0.003906 0.005373
0 0.094773 0.177506 0.003906 0.005373
0 0.910964 0.825629 0.003906 0.005373
0 0.961510 0.347160 0.003906 0.005373
0 0.167323 0.978052 0.003906 0.005373
0 0.884416 0.099926 0.003906 0.005373
0 0.176292 0.998086 0.003906 0.005373
0 0.830022 0.007047 0.003906 0.005373
0 0.110581 0.084765 0.003906 0.005373
0 0.008198 0.423165 0.003906 0.005373
0 0.023773 0.694624 0.003906 0.005373
0 0.883179 0.942520 0.003906 0.005373
0 0.941477 0.150374 0.003906 0.005373
0 0.096842 0.930241 0.003906 0.005373
0 0.963994 0.187992 0.003906 0.005373
0 0.067727 0.917308 0.003906 0.005373
0 0.950806 0.118767 0.003906 0.005373
0 0.009168 0.161781 0.003906 0.005373
0 0.966803 0.920667 0.003906 0.005373
0 0.054590 0.020798 0.003906 0.005373
0 0.985466 0.967885 0.003906 0.005373
0 0.001146 0.951642 0.003906 0.005373
