0 0.531618 0.495272 0.003906 0.005373
0 0.460593 0.592320 0.003906 0.005373
0 0.573985 0.394023 0.003906 0.005373
0 0.610195 0.485733 0.003906 0.005373
0 0.588722 0.408279 0.003906 0.005373
0 0.568076 0.632488 0.003906 0.005373
0 0.527427 0.672956 0.003906 0.005373
0 0.620612 0.594639 0.003906 0.005373
0 0.616209 0.360290 0.003906 0.005373
0 0.443897 0.709751 0.003906 0.005373
0 0.604110 0.675583 0.003906 0.005373
0 0.447898 0.722145 0.003906 0.005373
0 0.666969 0.409948 0.003906 0.005373
0 0.677008 0.615110 0.003906 0.005373
0 0.523301 0.226386 0.003906 0.005373
0 0.479592 0.778792 0.003906 0.005373
0 0.508610 0.217177 0.003906 0.005373
0 0.500565 0.785089 0.003906 0.005373
0 0.340886 0.306691 0.003906 0.005373
0 0.708241 0.603902 0.003906 0.005373
0 0.304600 0.326640 0.003906 0.005373
0 0.740945 0.470007 0.003906 0.005373
0 0.661414 0.251845 0.003906 0.005373
0 0.543683 0.163737 0.003906 0.005373
0 0.686478 0.268330 0.003906 0.005373
0 0.694239 0.722767 0.003906 0.005373
0 0.748873 0.571770 0.003906 0.005373
0 0.563300 0.853211 0.003906 0.005373
0 0.683077 0.237206 0.003906 0.005373
0 0.238378 0.558731 0.003906 0.005373
0 0.300223 0.236649 0.003906 0.005373
0 0.382469 0.844890 0.003906 0.005373
0 0.507252 0.899859 0.003906 0.005373
0 0.230954 0.346957 0.003906 0.005373
0 0.211669 0.562259 0.003906 0.005373
0 0.522801 0.092508 0.003906 0.005373
0 0.327673 0.158014 0.003906 0.005373
0 0.244538 0.276420 0.003906 0.005373
0 0.410913 0.097740 0.003906 0.005373
0 0.240456 0.735485 0.003906 0.005373
0 0.811571 0.429964 0.003906 0.005373
0 0.392510 0.075572 0.003906 0.005373
0 0.461496 0.051288 0.003906 0.005373
0 0.662190 0.893186 0.003906 0.005373
0 0.254496 0.804536 0.003906 0.005373
0 0.257524 0.184972 0.003906 0.005373
0 0.672892 0.893463 0.003906 0.005373
0 0.383173 0.065120 0.003906 0.005373
0 0.846691 0.450202 0.003906 0.005373
0 0.530451 0.986972 0.003906 0.005373
0 0.237992 0.151946 0.003906 0.005373
0 0.235799 0.149172 0.003906 0.005373
0 0.253079 0.884151 0.003906 0.005373
0 0.624738 0.985084 0.003906 0.005373
0 0.167736 0.739937 0.003906 0.005373
0 0.859707 0.652601 0.003906 0.005373
0 0.251374 0.891515 0.003906 0.005373
0 0.274040 0.080515 0.003906 0.005373
0 0.614642 0.000846 0.003906 0.005373
0 0.120737 0.412032 0.003906 0.005373
0 0.846055 0.737756 0.003906 0.005373
0 0.137253 0.301550 0.003906 0.005373
0 0.891878 0.508764 0.003906 0.005373
0 0.303591 0.983046 0.003906 0.005373
0 0.847685 0.779216 0.003906 0.005373
0 0.906967 0.554132 0.003906 0.005373
0 0.170456 0.152332 0.003906 0.005373
0 0.083734 0.539991 0.003906 0.005373
0 0.742282 0.978062 0.003906 0.005373
0 0.160358 0.850160 0.003906 0.005373
0 0.205759 0.078204 0.003906 0.005373
0 0.762942 0.972271 0.003906 0.005373
0 0.064917 0.485167 0.003906 0.005373
0 0.138105 0.837068 0.003906 0.005373
0 0.227663 0.020891 0.003906 0.005373
0 0.860913 0.866818 0.003906 0.005373
0 0.171914 0.076726 0.003906 0.005373
0 0.071465 0.277245 0.003906 0.005373
0 0.218137 0.997392 0.003906 0.005373
0 0.182637 0.959827 0.003906 0.005373
0 0.819602 0.038312 0.003906 0.005373
0 0.833172 0.944594 0.003906 0.005373
0 0.793147 0.004545 0.003906 0.005373
0 0.037025 0.384219 0.003906 0.005373
0 0.195827 0.994623 0.003906 0.005373
0 0.963228 0.340432 0.003906 0.005373
0 0.134285 0.069457 0.003906 0.005373
0 0.936847 0.780904 0.003906 0.005373
0 0.097444 0.872842 0.003906 0.005373
0 0.053992 0.768081 0.003906 0.005373
0 0.013308 0.466935 0.003906 0.005373
0 0.827400 0.998177 0.003906 0.005373
0 0.000462 0.525526 0.003906 0.005373
0 0.057649 0.168502 0.003906 0.005373
0 0.026931 0.752585 0.003906 0.005373
0 0.006242 0.668129 0.003906 0.005373
0 0.049092 0.836319 0.003906 0.005373
0 0.078654 0.063628 0.003906 0.005373
0 0.976806 0.154541 0.003906 0.005373
0 0.026196 0.119654 0.003906 0.005373
0 0.996954 0.169094 0.003906 0.005373
0 0.027686 0.931547 0.003906 0.005373
0 0.032010 0.948996 0.003906 0.005373
0 0.987201 0.076212 0.003906 0.005373
0 0.019989 0.042696 0.003906 0.005373
0 0.018628 0.986622 0.003906 0.005373
