0 0.511463 0.474834 0.003906 0.005373
0 0.471750 0.468889 0.003906 0.005373
0 0.573855 0.539823 0.003906 0.005373
0 0.442376 0.597332 0.003906 0.005373
0 0.622356 0.584840 0.003906 0.005373
0 0.359349 0.494103 0.003906 0.005373
0 0.409863 0.651922 0.003906 0.005373
0 0.388138 0.376175 0.003906 0.005373
0 0.434104 0.323220 0.003906 0.005373
0 0.621725 0.375536 0.003906 0.005373
0 0.487678 0.712855 0.003906 0.005373
0 0.340777 0.488995 0.003906 0.005373
0 0.319710 0.470856 0.003906 0.005373
0 0.325510 0.585752 0.003906 0.005373
0 0.685474 0.454670 0.003906 0.005373
0 0.589004 0.737350 0.003906 0.005373
0 0.697505 0.446244 0.003906 0.005373
0 0.330953 0.651695 0.003906 0.005373
0 0.357640 0.699422 0.003906 0.005373
0 0.692844 0.595125 0.003906 0.005373
0 0.697913 0.609638 0.003906 0.005373
0 0.582636 0.227504 0.003906 0.005373
0 0.335030 0.703058 0.003906 0.005373
0 0.721633 0.510057 0.003906 0.005373
0 0.660025 0.712998 0.003906 0.005373
0 0.447833 0.186056 0.003906 0.005373
0 0.406797 0.180869 0.003906 0.005373
0 0.250261 0.437907 0.003906 0.005373
0 0.600241 0.821789 0.003906 0.005373
0 0.550787 0.844156 0.003906 0.005373
0 0.724831 0.693650 0.003906 0.005373
0 0.241297 0.410883 0.003906 0.005373
0 0.399177 0.839910 0.003906 0.005373
0 0.701922 0.246680 0.003906 0.005373
0 0.249172 0.341683 0.003906 0.005373
0 0.269843 0.283834 0.003906 0.005373
0 0.265957 0.279230 0.003906 0.005373
0 0.497747 0.108288 0.003906 0.005373
0 0.757082 0.681363 0.003906 0.005373
0 0.211643 0.467738 0.003906 0.005373
0 0.303924 0.201645 0.003906 0.005373
0 0.560081 0.904789 0.003906 0.005373
0 0.203923 0.426066 0.003906 0.005373
0 0.461165 0.083096 0.003906 0.005373
0 0.216268 0.337717 0.003906 0.005373
0 0.760270 0.265790 0.003906 0.005373
0 0.416667 0.913483 0.003906 0.005373
0 0.406294 0.088153 0.003906 0.005373
0 0.705545 0.850746 0.003906 0.005373
0 0.744715 0.196431 0.003906 0.005373
0 0.521879 0.046534 0.003906 0.005373
0 0.830090 0.560036 0.003906 0.005373
0 0.281072 0.149552 0.003906 0.005373
0 0.812721 0.671326 0.003906 0.005373
0 0.647806 0.916712 0.003906 0.005373
0 0.164442 0.454820 0.003906 0.005373
0 0.206631 0.264073 0.003906 0.005373
0 0.168883 0.365579 0.003906 0.005373
0 0.834632 0.661937 0.003906 0.005373
0 0.849940 0.657906 0.003906 0.005373
0 0.786156 0.155254 0.003906 0.005373
0 0.233891 0.875034 0.003906 0.005373
0 0.114939 0.523728 0.003906 0.005373
0 0.750594 0.916124 0.003906 0.005373
0 0.872679 0.308039 0.003906 0.005373
0 0.115278 0.640146 0.003906 0.005373
0 0.900706 0.472324 0.003906 0.005373
0 0.776901 0.909298 0.003906 0.005373
0 0.799312 0.121024 0.003906 0.005373
0 0.265613 0.958256 0.003906 0.005373
0 0.905944 0.429778 0.003906 0.005373
0 0.819576 0.852765 0.003906 0.005373
0 0.116767 0.724419 0.003906 0.005373
0 0.290636 0.996639 0.003906 0.005373
0 0.893404 0.695865 0.003906 0.005373
0 0.080086 0.539479 0.003906 0.005373
0 0.077399 0.522462 0.003906 0.005373
0 0.150165 0.172688 0.003906 0.005373
0 0.882739 0.767337 0.003906 0.005373
0 0.932091 0.533062 0.003906 0.005373
0 0.920292 0.305104 0.003906 0.005373
0 0.137209 0.123479 0.003906 0.005373
0 0.917744 0.240780 0.003906 0.005373
0 0.912367 0.777463 0.003906 0.005373
0 0.186334 0.035407 0.003906 0.005373
0 0.901535 0.187124 0.003906 0.005373
0 0.962702 0.489015 0.003906 0.005373
0 0.965243 0.436113 0.003906 0.005373
0 0.846897 0.063871 0.003906 0.005373
0 0.830878 0.968278 0.003906 0.005373
0 0.924894 0.186699 0.003906 0.005373
0 0.913790 0.840389 0.003906 0.005373
0 0.909661 0.888315 0.003906 0.005373
0 0.010697 0.367336 0.003906 0.005373
0 0.857300 0.979637 0.003906 0.005373
0 0.921780 0.114844 0.003906 0.005373
0 0.056132 0.146176 0.003906 0.005373
0 0.888728 0.981585 0.003906 0.005373
0 0.992597 0.244256 0.003906 0.005373
0 0.934218 0.014716 0.003906 0.005373
0 0.009803 0.982665 0.003906 0.005373
0 0.000639 0.031826 0.003906 0.005373
