0 0.505190 0.514724 0.003906 0.005373
0 0.472694 0.480315 0.003906 0.005373
0 0.532383 0.530611 0.003906 0.005373
0 0.508817 0.435279 0.003906 0.005373
0 0.521827 0.415610 0.003906 0.005373
0 0.576424 0.511429 0.003906 0.005373
0 0.551732 0.579980 0.003906 0.005373
0 0.562568 0.403189 0.003906 0.005373
0 0.576793 0.420567 0.003906 0.005373
0 0.442094 0.381645 0.003906 0.005373
0 0.569757 0.381891 0.003906 0.005373
0 0.454116 0.652272 0.003906 0.005373
0 0.621277 0.473670 0.003906 0.005373
0 0.557514 0.656992 0.003906 0.005373
0 0.635714 0.485202 0.003906 0.005373
0 0.370243 0.385789 0.003906 0.005373
0 0.539608 0.711546 0.003906 0.005373
0 0.632355 0.373557 0.003906 0.005373
0 0.664249 0.488930 0.003906 0.005373
0 0.444311 0.285117 0.003906 0.005373
0 0.422168 0.704256 0.003906 0.005373
0 0.658421 0.576966 0.003906 0.005373
0 0.663767 0.600558 0.003906 0.005373
0 0.322597 0.462497 0.003906 0.005373
0 0.580475 0.275134 0.003906 0.005373
0 0.390914 0.712927 0.003906 0.005373
0 0.678003 0.376697 0.003906 0.005373
0 0.662185 0.326983 0.003906 0.005373
0 0.668039 0.336922 0.003906 0.005373
0 0.700979 0.577984 0.003906 0.005373
0 0.535580 0.211315 0.003906 0.005373
0 0.691658 0.347345 0.003906 0.005373
0 0.694827 0.347792 0.003906 0.005373
0 0.437851 0.796619 0.003906 0.005373
0 0.288623 0.356261 0.003906 0.005373
0 0.362498 0.769362 0.003906 0.005373
0 0.438877 0.170663 0.003906 0.005373
0 0.745502 0.417358 0.003906 0.005373
0 0.618894 0.191326 0.003906 0.005373
0 0.688033 0.744683 0.003906 0.005373
0 0.497118 0.861409 0.003906 0.005373
0 0.243894 0.586928 0.003906 0.005373
0 0.246018 0.606776 0.003906 0.005373
0 0.730706 0.687701 0.003906 0.005373
0 0.709386 0.266312 0.003906 0.005373
0 0.246333 0.647024 0.003906 0.005373
0 0.577450 0.134203 0.003906 0.005373
0 0.277820 0.736614 0.003906 0.005373
0 0.690514 0.793551 0.003906 0.005373
0 0.784150 0.453844 0.003906 0.005373
0 0.399516 0.871480 0.003906 0.005373
0 0.718599 0.760294 0.003906 0.005373
0 0.784108 0.420699 0.003906 0.005373
0 0.457469 0.104350 0.003906 0.005373
0 0.642453 0.147263 0.003906 0.005373
0 0.708848 0.212771 0.003906 0.005373
0 0.801057 0.552667 0.003906 0.005373
0 0.800984 0.443258 0.003906 0.005373
0 0.264094 0.772272 0.003906 0.005373
0 0.529716 0.924856 0.003906 0.005373
0 0.435726 0.066680 0.003906 0.005373
0 0.780589 0.282436 0.003906 0.005373
0 0.600870 0.923279 0.003906 0.005373
0 0.468651 0.950339 0.003906 0.005373
0 0.338770 0.096801 0.003906 0.005373
0 0.443696 0.956830 0.003906 0.005373
0 0.183804 0.338950 0.003906 0.005373
0 0.474369 0.031002 0.003906 0.005373
0 0.603011 0.042322 0.003906 0.005373
0 0.767441 0.187218 0.003906 0.005373
0 0.281359 0.879044 0.003906 0.005373
0 0.260093 0.855799 0.003906 0.005373
0 0.567399 0.984589 0.003906 0.005373
0 0.178322 0.274884 0.003906 0.005373
0 0.629811 0.032296 0.003906 0.005373
0 0.728605 0.892202 0.003906 0.005373
0 0.858583 0.381223 0.003906 0.005373
0 0.722692 0.904515 0.003906 0.005373
0 0.814907 0.231705 0.003906 0.005373
0 0.788603 0.157363 0.003906 0.005373
0 0.114978 0.503935 0.003906 0.005373
0 0.869540 0.659671 0.003906 0.005373
0 0.664575 0.983472 0.003906 0.005373
0 0.294083 0.047033 0.003906 0.005373
0 0.192121 0.173963 0.003906 0.005373
0 0.240404 0.100645 0.003906 0.005373
0 0.251939 0.914363 0.003906 0.005373
0 0.157536 0.761276 0.003906 0.005373
0 0.113951 0.407881 0.003906 0.005373
0 0.777596 0.884880 0.003906 0.005373
0 0.864556 0.291865 0.003906 0.005373
0 0.722254 0.050622 0.003906 0.005373
0 0.104732 0.477802 0.003906 0.005373
0 0.108420 0.400518 0.003906 0.005373
0 0.810168 0.152588 0.003906 0.005373
0 0.101389 0.452715 0.003906 0.005373
0 0.755716 0.924257 0.003906 0.005373
0 0.759937 0.923222 0.003906 0.005373
0 0.842266 0.798655 0.003906 0.005373
0 0.790052 0.098123 0.003906 0.005373
0 0.136219 0.769155 0.003906 0.005373
0 0.880916 0.267019 0.003906 0.005373
0 0.097864 0.339146 0.003906 0.005373
0 0.756948 0.960744 0.003906 0.005373
0 0.922846 0.440459 0.003906 0.005373
0 0.110784 0.263571 0.003906 0.005373
0 0.791101 0.072077 0.003906 0.005373
0 0.917578 0.627444 0.003906 0.005373
0 0.104198 0.261014 0.003906 0.005373
0 0.067224 0.528293 0.003906 0.005373
0 0.779686 0.035934 0.003906 0.005373
0 0.063519 0.568155 0.003906 0.005373
0 0.069545 0.639341 0.003906 0.005373
0 0.067019 0.371250 0.003906 0.005373
0 0.186327 0.951183 0.003906 0.005373
0 0.907268 0.775785 0.003906 0.005373
0 0.893782 0.815010 0.003906 0.005373
0 0.893559 0.826061 0.003906 0.005373
0 0.847498 0.928383 0.003906 0.005373
0 0.886357 0.860572 0.003906 0.005373
0 0.972936 0.437531 0.003906 0.005373
0 0.975182 0.650780 0.003906 0.005373
0 0.976744 0.294041 0.003906 0.005373
0 0.966229 0.758960 0.003906 0.005373
0 0.110712 0.059832 0.003906 0.005373
0 0.003410 0.618671 0.003906 0.005373
0 0.999620 0.648568 0.003906 0.005373
0 0.933216 0.883538 0.003906 0.005373
0 0.003476 0.694987 0.003906 0.005373
0 0.964970 0.822785 0.003906 0.005373
0 0.045987 0.119289 0.003906 0.005373
0 0.088638 0.968923 0.003906 0.005373
0 0.053535 0.089497 0.003906 0.005373
0 0.084847 0.974032 0.003906 0.005373
0 0.041442 0.892367 0.003906 0.005373
0 0.954109 0.903959 0.003906 0.005373
0 0.930808 0.040270 0.003906 0.005373
0 0.058789 0.046729 0.003906 0.005373
0 0.954082 0.955073 0.003906 0.005373
0 0.028550 0.975679 0.003906 0.005373
