0 0.509441 0.523144 0.003906 0.005373
0 0.436524 0.444569 0.003906 0.005373
0 0.541753 0.610751 0.003906 0.005373
0 0.529262 0.379550 0.003906 0.005373
0 0.425308 0.331117 0.003906 0.005373
0 0.592251 0.667532 0.003906 0.005373
0 0.489207 0.718425 0.003906 0.005373
0 0.423396 0.302503 0.003906 0.005373
0 0.658755 0.578163 0.003906 0.005373
0 0.670822 0.504588 0.003906 0.005373
0 0.610243 0.318758 0.003906 0.005373
0 0.662121 0.583068 0.003906 0.005373
0 0.350926 0.376777 0.003906 0.005373
0 0.392305 0.725014 0.003906 0.005373
0 0.358392 0.695602 0.003906 0.005373
0 0.358433 0.697993 0.003906 0.005373
0 0.549660 0.229564 0.003906 0.005373
0 0.461704 0.789542 0.003906 0.005373
0 0.646985 0.755638 0.003906 0.005373
0 0.696160 0.309602 0.003906 0.005373
0 0.417402 0.189163 0.003906 0.005373
0 0.360663 0.789441 0.003906 0.005373
0 0.760245 0.486232 0.003906 0.005373
0 0.237189 0.498241 0.003906 0.005373
0 0.319217 0.767918 0.003906 0.005373
0 0.266627 0.677885 0.003906 0.005373
0 0.759460 0.395152 0.003906 0.005373
0 0.265165 0.685860 0.003906 0.005373
0 0.542817 0.129563 0.003906 0.005373
0 0.751346 0.648170 0.003906 0.005373
0 0.226537 0.465338 0.003906 0.005373
0 0.395443 0.147844 0.003906 0.005373
0 0.484921 0.885339 0.003906 0.005373
0 0.693010 0.780618 0.003906 0.005373
0 0.790344 0.426248 0.003906 0.005373
0 0.794427 0.460074 0.003906 0.005373
0 0.237267 0.718813 0.003906 0.005373
0 0.421119 0.909232 0.003906 0.005373
0 0.427836 0.915799 0.003906 0.005373
0 0.286927 0.172818 0.003906 0.005373
0 0.215508 0.294000 0.003906 0.005373
0 0.735334 0.801580 0.003906 0.005373
0 0.746359 0.209530 0.003906 0.005373
0 0.526324 0.949578 0.003906 0.005373
0 0.427428 0.059575 0.003906 0.005373
0 0.355080 0.905674 0.003906 0.005373
0 0.838713 0.502010 0.003906 0.005373
0 0.788477 0.253582 0.003906 0.005373
0 0.524279 0.968875 0.003906 0.005373
0 0.158216 0.538923 0.003906 0.005373
0 0.524999 0.024969 0.003906 0.005373
0 0.151361 0.525945 0.003906 0.005373
0 0.848066 0.445838 0.003906 0.005373
0 0.849404 0.540332 0.003906 0.005373
0 0.153375 0.577929 0.003906 0.005373
0 0.810669 0.273835 0.003906 0.005373
0 0.729474 0.132879 0.003906 0.005373
0 0.786263 0.784110 0.003906 0.005373
0 0.725284 0.874346 0.003906 0.005373
0 0.218465 0.799424 0.003906 0.005373
0 0.757218 0.839164 0.003906 0.005373
0 0.145350 0.589028 0.003906 0.005373
0 0.424486 0.015237 0.003906 0.005373
0 0.258736 0.117488 0.003906 0.005373
0 0.779708 0.169160 0.003906 0.005373
0 0.767160 0.149780 0.003906 0.005373
0 0.275951 0.905335 0.003906 0.005373
0 0.262925 0.108360 0.003906 0.005373
0 0.141039 0.365053 0.003906 0.005373
0 0.730348 0.902084 0.003906 0.005373
0 0.858262 0.640986 0.003906 0.005373
0 0.857957 0.644704 0.003906 0.005373
0 0.857800 0.335993 0.003906 0.005373
0 0.146964 0.689899 0.003906 0.005373
0 0.812001 0.200605 0.003906 0.005373
0 0.324067 0.966930 0.003906 0.005373
0 0.142040 0.691107 0.003906 0.005373
0 0.756545 0.895996 0.003906 0.005373
0 0.198082 0.839000 0.003906 0.005373
0 0.860846 0.710075 0.003906 0.005373
0 0.855320 0.272689 0.003906 0.005373
0 0.807694 0.156532 0.003906 0.005373
0 0.863176 0.254668 0.003906 0.005373
0 0.125550 0.712205 0.003906 0.005373
0 0.136341 0.757021 0.003906 0.005373
0 0.141300 0.780109 0.003906 0.005373
0 0.104405 0.681017 0.003906 0.005373
0 0.273570 0.016833 0.003906 0.005373
0 0.127210 0.760820 0.003906 0.005373
0 0.094784 0.348675 0.003906 0.005373
0 0.835173 0.855618 0.003906 0.005373
0 0.085947 0.632997 0.003906 0.005373
0 0.254539 0.018704 0.003906 0.005373
0 0.206990 0.067432 0.003906 0.005373
0 0.134280 0.815365 0.003906 0.005373
0 0.839712 0.866666 0.003906 0.005373
0 0.072230 0.597392 0.003906 0.005373
0 0.061079 0.518779 0.003906 0.005373
0 0.208464 0.044107 0.003906 0.005373
0 0.794355 0.960356 0.003906 0.005373
0 0.070979 0.327786 0.003906 0.005373
0 0.946108 0.599101 0.003906 0.005373
0 0.822881 0.060049 0.003906 0.005373
0 0.821849 0.955820 0.003906 0.005373
0 0.055314 0.681380 0.003906 0.005373
0 0.936706 0.725494 0.003906 0.005373
0 0.196464 0.011746 0.003906 0.005373
0 0.030814 0.485609 0.003906 0.005373
0 0.113433 0.124328 0.003906 0.005373
0 0.027024 0.539173 0.003906 0.005373
0 0.970511 0.605149 0.003906 0.005373
0 0.184236 0.992353 0.003906 0.005373
0 0.952320 0.750971 0.003906 0.005373
0 0.122554 0.930258 0.003906 0.005373
0 0.899693 0.909748 0.003906 0.005373
0 0.950735 0.204531 0.003906 0.005373
0 0.993150 0.372810 0.003906 0.005373
0 0.919289 0.115723 0.003906 0.005373
0 0.904207 0.070274 0.003906 0.005373
0 0.969858 0.784419 0.003906 0.005373
0 0.091345 0.072457 0.003906 0.005373
0 0.077758 0.097802 0.003906 0.005373
0 0.876984 0.007320 0.003906 0.005373
0 0.021086 0.214786 0.003906 0.005373
0 0.027757 0.915419 0.003906 0.005373
0 0.989304 0.000018 0.003906 0.005373
