0 0.530308 0.456071 0.003906 0.005373
0 0.537029 0.593732 0.003906 0.005373
0 0.423925 0.592272 0.003906 0.005373
0 0.467353 0.667127 0.003906 0.005373
0 0.668759 0.579285 0.003906 0.005373
0 0.651534 0.366266 0.003906 0.005373
0 0.380898 0.305610 0.003906 0.005373
0 0.376800 0.302162 0.003906 0.005373
0 0.524056 0.217554 0.003906 0.005373
0 0.381973 0.761202 0.003906 0.005373
0 0.293177 0.359874 0.003906 0.005373
0 0.302963 0.335229 0.003906 0.005373
0 0.483038 0.829816 0.003906 0.005373
0 0.384242 0.814049 0.003906 0.005373
0 0.553629 0.852121 0.003906 0.005373
0 0.611917 0.172435 0.003906 0.005373
0 0.247968 0.663703 0.003906 0.005373
0 0.756999 0.295349 0.003906 0.005373
0 0.283551 0.202316 0.003906 0.005373
0 0.781034 0.697370 0.003906 0.005373
0 0.734892 0.192656 0.003906 0.005373
0 0.499588 0.963629 0.003906 0.005373
0 0.148665 0.383219 0.003906 0.005373
0 0.147502 0.387841 0.003906 0.005373
0 0.584678 0.015575 0.003906 0.005373
0 0.668653 0.058878 0.003906 0.005373
0 0.441289 0.995285 0.003906 0.005373
0 0.849612 0.345177 0.003906 0.005373
0 0.163276 0.721807 0.003906 0.005373
0 0.129040 0.429714 0.003906 0.005373
0 0.115736 0.406698 0.003906 0.005373
0 0.196998 0.160781 0.003906 0.005373
0 0.713267 0.962897 0.003906 0.005373
0 0.113251 0.632240 0.003906 0.005373
0 0.779400 0.926976 0.003906 0.005373
0 0.185538 0.121856 0.003906 0.005373
0 0.251243 0.019782 0.003906 0.005373
0 0.086755 0.662296 0.003906 0.005373
0 0.929919 0.625008 0.003906 0.005373
0 0.147319 0.123916 0.003906 0.005373
0 0.883273 0.103992 0.003906 0.005373
0 0.145810 0.949871 0.003906 0.005373
0 0.136410 0.983685 0.003906 0.005373
0 0.119478 0.024161 0.003906 0.005373
0 0.919445 0.035171 0.003906 0.005373
0 0.918921 0.969590 0.003906 0.005373
0 0.003057 0.021846 0.003906 0.005373
