0 0.513807 0.510650 0.003906 0.005373
0 0.429406 0.508527 0.003906 0.005373
0 0.511045 0.621016 0.003906 0.005373
0 0.459136 0.610510 0.003906 0.005373
0 0.595674 0.505170 0.003906 0.005373
0 0.459316 0.624083 0.003906 0.005373
0 0.535767 0.366698 0.003906 0.005373
0 0.561339 0.618713 0.003906 0.005373
0 0.598207 0.444047 0.003906 0.005373
0 0.486577 0.344700 0.003906 0.005373
0 0.537423 0.650267 0.003906 0.005373
0 0.610160 0.451739 0.003906 0.005373
0 0.531851 0.684494 0.003906 0.005373
0 0.620765 0.406068 0.003906 0.005373
0 0.369367 0.600319 0.003906 0.005373
0 0.348246 0.514320 0.003906 0.005373
0 0.563121 0.719466 0.003906 0.005373
0 0.342571 0.602003 0.003906 0.005373
0 0.471722 0.255548 0.003906 0.005373
0 0.598607 0.288922 0.003906 0.005373
0 0.316142 0.513279 0.003906 0.005373
0 0.551254 0.252106 0.003906 0.005373
0 0.683457 0.420381 0.003906 0.005373
0 0.476831 0.780349 0.003906 0.005373
0 0.326905 0.329942 0.003906 0.005373
0 0.552682 0.790878 0.003906 0.005373
0 0.724301 0.592108 0.003906 0.005373
0 0.666836 0.729420 0.003906 0.005373
0 0.720335 0.370629 0.003906 0.005373
0 0.720317 0.370049 0.003906 0.005373
0 0.740690 0.351913 0.003906 0.005373
0 0.437634 0.852828 0.003906 0.005373
0 0.572029 0.146680 0.003906 0.005373
0 0.524085 0.128651 0.003906 0.005373
0 0.741251 0.687545 0.003906 0.005373
0 0.360814 0.168270 0.003906 0.005373
0 0.216879 0.528536 0.003906 0.005373
0 0.690315 0.801798 0.003906 0.005373
0 0.650260 0.842923 0.003906 0.005373
0 0.211316 0.551397 0.003906 0.005373
0 0.549946 0.102249 0.003906 0.005373
0 0.755024 0.733429 0.003906 0.005373
0 0.780555 0.674451 0.003906 0.005373
0 0.616830 0.893258 0.003906 0.005373
0 0.189000 0.438967 0.003906 0.005373
0 0.684948 0.148613 0.003906 0.005373
0 0.806196 0.385973 0.003906 0.005373
0 0.336892 0.123701 0.003906 0.005373
0 0.601095 0.078347 0.003906 0.005373
0 0.474430 0.945122 0.003906 0.005373
0 0.255910 0.200667 0.003906 0.005373
0 0.282250 0.159102 0.003906 0.005373
0 0.830699 0.543129 0.003906 0.005373
0 0.772389 0.766247 0.003906 0.005373
0 0.161965 0.505824 0.003906 0.005373
0 0.777431 0.776251 0.003906 0.005373
0 0.769740 0.199310 0.003906 0.005373
0 0.603075 0.956435 0.003906 0.005373
0 0.629874 0.946406 0.003906 0.005373
0 0.737579 0.141350 0.003906 0.005373
0 0.235188 0.824736 0.003906 0.005373
0 0.709443 0.105752 0.003906 0.005373
0 0.435793 0.980808 0.003906 0.005373
0 0.856851 0.505686 0.003906 0.005373
0 0.548423 0.009810 0.003906 0.005373
0 0.179470 0.724977 0.003906 0.005373
0 0.748556 0.858893 0.003906 0.005373
0 0.847477 0.359945 0.003906 0.005373
0 0.863171 0.573031 0.003906 0.005373
0 0.741039 0.883183 0.003906 0.005373
0 0.131279 0.571180 0.003906 0.005373
0 0.852671 0.323068 0.003906 0.005373
0 0.335028 0.029133 0.003906 0.005373
0 0.739845 0.091777 0.003906 0.005373
0 0.253654 0.909712 0.003906 0.005373
0 0.886357 0.520065 0.003906 0.005373
0 0.887790 0.519616 0.003906 0.005373
0 0.851006 0.272459 0.003906 0.005373
0 0.145021 0.718829 0.003906 0.005373
0 0.280260 0.057387 0.003906 0.005373
0 0.106799 0.509340 0.003906 0.005373
0 0.294145 0.961169 0.003906 0.005373
0 0.293516 0.028777 0.003906 0.005373
0 0.121809 0.308923 0.003906 0.005373
0 0.722320 0.964728 0.003906 0.005373
0 0.902599 0.570125 0.003906 0.005373
0 0.143488 0.231539 0.003906 0.005373
0 0.777019 0.072578 0.003906 0.005373
0 0.839608 0.858394 0.003906 0.005373
0 0.779750 0.950034 0.003906 0.005373
0 0.930069 0.592320 0.003906 0.005373
0 0.057110 0.533307 0.003906 0.005373
0 0.927079 0.682175 0.003906 0.005373
0 0.113537 0.187535 0.003906 0.005373
0 0.851539 0.900432 0.003906 0.005373
0 0.791171 0.986181 0.003906 0.005373
0 0.936537 0.309847 0.003906 0.005373
0 0.081055 0.245167 0.003906 0.005373
0 0.918628 0.243936 0.003906 0.005373
0 0.953857 0.409146 0.003906 0.005373
0 0.141123 0.895051 0.003906 0.005373
0 0.054319 0.694717 0.003906 0.005373
0 0.921345 0.218543 0.003906 0.005373
0 0.029329 0.511429 0.003906 0.005373
0 0.120386 0.112794 0.003906 0.005373
0 0.148271 0.064364 0.003906 0.005373
0 0.966842 0.619721 0.003906 0.005373
0 0.974685 0.432831 0.003906 0.005373
0 0.018884 0.453842 0.003906 0.005373
0 0.110687 0.093950 0.003906 0.005373
0 0.895624 0.899168 0.003906 0.005373
0 0.011377 0.395229 0.003906 0.005373
0 0.896733 0.908718 0.003906 0.005373
0 0.915410 0.111100 0.003906 0.005373
0 0.890920 0.060037 0.003906 0.005373
0 0.052090 0.828779 0.003906 0.005373
0 0.071128 0.107188 0.003906 0.005373
0 0.931387 0.891283 0.003906 0.005373
0 0.110775 0.973982 0.003906 0.005373
0 0.979556 0.794278 0.003906 0.005373
0 0.947893 0.878956 0.003906 0.005373
0 0.981770 0.189785 0.003906 0.005373
0 0.970343 0.851207 0.003906 0.005373
0 0.930874 0.954360 0.003906 0.005373
0 0.991617 0.847666 0.003906 0.005373
0 0.058849 0.960880 0.003906 0.005373
0 0.007477 0.134274 0.003906 0.005373
0 0.005147 0.900649 0.003906 0.005373
