0 0.534876 0.524622 0.003906 0.005373
0 0.516426 0.362253 0.003906 0.005373
0 0.494136 0.639706 0.003906 0.005373
0 0.496181 0.642446 0.003906 0.005373
0 0.441658 0.627282 0.003906 0.005373
0 0.578938 0.390650 0.003906 0.005373
0 0.405270 0.586212 0.003906 0.005373
0 0.592809 0.405017 0.003906 0.005373
0 0.509236 0.340363 0.003906 0.005373
0 0.589725 0.666116 0.003906 0.005373
0 0.372706 0.627271 0.003906 0.005373
0 0.653384 0.564676 0.003906 0.005373
0 0.589539 0.304288 0.003906 0.005373
0 0.322475 0.453737 0.003906 0.005373
0 0.607405 0.299932 0.003906 0.005373
0 0.622766 0.290483 0.003906 0.005373
0 0.301822 0.516617 0.003906 0.005373
0 0.638995 0.304463 0.003906 0.005373
0 0.320827 0.376413 0.003906 0.005373
0 0.299791 0.472603 0.003906 0.005373
0 0.701931 0.595540 0.003906 0.005373
0 0.479208 0.200847 0.003906 0.005373
0 0.293054 0.607112 0.003906 0.005373
0 0.273656 0.480005 0.003906 0.005373
0 0.497181 0.175528 0.003906 0.005373
0 0.743367 0.433403 0.003906 0.005373
0 0.253082 0.398558 0.003906 0.005373
0 0.656542 0.784072 0.003906 0.005373
0 0.677990 0.762613 0.003906 0.005373
0 0.472142 0.857566 0.003906 0.005373
0 0.759722 0.457321 0.003906 0.005373
0 0.437692 0.850607 0.003906 0.005373
0 0.516511 0.875205 0.003906 0.005373
0 0.229482 0.591010 0.003906 0.005373
0 0.639659 0.840040 0.003906 0.005373
0 0.482347 0.105508 0.003906 0.005373
0 0.249530 0.306024 0.003906 0.005373
0 0.788814 0.562307 0.003906 0.005373
0 0.271912 0.240721 0.003906 0.005373
0 0.803752 0.409744 0.003906 0.005373
0 0.189198 0.489700 0.003906 0.005373
0 0.697960 0.162592 0.003906 0.005373
0 0.698419 0.160809 0.003906 0.005373
0 0.782172 0.287728 0.003906 0.005373
0 0.563283 0.934706 0.003906 0.005373
0 0.451469 0.938976 0.003906 0.005373
0 0.687270 0.133365 0.003906 0.005373
0 0.719162 0.159754 0.003906 0.005373
0 0.168595 0.496609 0.003906 0.005373
0 0.755104 0.190980 0.003906 0.005373
0 0.578632 0.955396 0.003906 0.005373
0 0.845392 0.495782 0.003906 0.005373
0 0.201196 0.754839 0.003906 0.005373
0 0.201917 0.775373 0.003906 0.005373
0 0.810228 0.242060 0.003906 0.005373
0 0.204009 0.793216 0.003906 0.005373
0 0.263473 0.115491 0.003906 0.005373
0 0.856574 0.382432 0.003906 0.005373
0 0.749713 0.881094 0.003906 0.005373
0 0.265332 0.092084 0.003906 0.005373
0 0.151345 0.298457 0.003906 0.005373
0 0.145604 0.686058 0.003906 0.005373
0 0.824658 0.221706 0.003906 0.005373
0 0.826925 0.211925 0.003906 0.005373
0 0.234122 0.889911 0.003906 0.005373
0 0.115449 0.418198 0.003906 0.005373
0 0.111683 0.443333 0.003906 0.005373
0 0.344704 0.006018 0.003906 0.005373
0 0.194926 0.158423 0.003906 0.005373
0 0.896797 0.551771 0.003906 0.005373
0 0.294678 0.025824 0.003906 0.005373
0 0.151758 0.782925 0.003906 0.005373
0 0.841372 0.194700 0.003906 0.005373
0 0.221441 0.045656 0.003906 0.005373
0 0.078903 0.654213 0.003906 0.005373
0 0.153274 0.126579 0.003906 0.005373
0 0.247570 0.999248 0.003906 0.005373
0 0.897180 0.232677 0.003906 0.005373
0 0.925720 0.670754 0.003906 0.005373
0 0.088560 0.254094 0.003906 0.005373
0 0.057488 0.387805 0.003906 0.005373
0 0.050075 0.490292 0.003906 0.005373
0 0.049245 0.431744 0.003906 0.005373
0 0.049754 0.410170 0.003906 0.005373
0 0.075620 0.790308 0.003906 0.005373
0 0.059743 0.243427 0.003906 0.005373
0 0.021165 0.550405 0.003906 0.005373
0 0.060588 0.190338 0.003906 0.005373
0 0.003500 0.478235 0.003906 0.005373
0 0.953332 0.784577 0.003906 0.005373
0 0.902531 0.091273 0.003906 0.005373
0 0.000833 0.591769 0.003906 0.005373
0 0.863548 0.980369 0.003906 0.005373
0 0.888052 0.942693 0.003906 0.005373
0 0.004392 0.369529 0.003906 0.005373
0 0.980326 0.263071 0.003906 0.005373
0 0.053513 0.872510 0.003906 0.005373
0 0.960215 0.127129 0.003906 0.005373
0 0.017155 0.168320 0.003906 0.005373
0 0.964414 0.118720 0.003906 0.005373
0 0.913525 0.995412 0.003906 0.005373
0 0.960889 0.968145 0.003906 0.005373
