0 0.502710 0.479225 0.003906 0.005373
0 0.512129 0.525340 0.003906 0.005373
0 0.461374 0.522512 0.003906 0.005373
0 0.518213 0.561839 0.003906 0.005373
0 0.542644 0.460628 0.003906 0.005373
0 0.557542 0.559743 0.003906 0.005373
0 0.442913 0.571377 0.003906 0.005373
0 0.425304 0.423374 0.003906 0.005373
0 0.601056 0.505902 0.003906 0.005373
0 0.449524 0.352782 0.003906 0.005373
0 0.383615 0.547553 0.003906 0.005373
0 0.469364 0.670285 0.003906 0.005373
0 0.579667 0.352223 0.003906 0.005373
0 0.491783 0.314740 0.003906 0.005373
0 0.531675 0.683081 0.003906 0.005373
0 0.499094 0.689588 0.003906 0.005373
0 0.586597 0.668754 0.003906 0.005373
0 0.531411 0.279224 0.003906 0.005373
0 0.331579 0.593826 0.003906 0.005373
0 0.428463 0.739062 0.003906 0.005373
0 0.316607 0.554885 0.003906 0.005373
0 0.667017 0.644973 0.003906 0.005373
0 0.358284 0.307807 0.003906 0.005373
0 0.573874 0.239950 0.003906 0.005373
0 0.644605 0.699577 0.003906 0.005373
0 0.440921 0.782960 0.003906 0.005373
0 0.489306 0.205477 0.003906 0.005373
0 0.628546 0.256278 0.003906 0.005373
0 0.693925 0.630279 0.003906 0.005373
0 0.685242 0.664727 0.003906 0.005373
0 0.455864 0.806576 0.003906 0.005373
0 0.280355 0.588108 0.003906 0.005373
0 0.634997 0.772020 0.003906 0.005373
0 0.275732 0.616682 0.003906 0.005373
0 0.724878 0.610619 0.003906 0.005373
0 0.699029 0.305042 0.003906 0.005373
0 0.732321 0.404335 0.003906 0.005373
0 0.393495 0.811519 0.003906 0.005373
0 0.259294 0.573360 0.003906 0.005373
0 0.385729 0.809876 0.003906 0.005373
0 0.552290 0.839611 0.003906 0.005373
0 0.731398 0.369409 0.003906 0.005373
0 0.692567 0.269998 0.003906 0.005373
0 0.747202 0.582489 0.003906 0.005373
0 0.331723 0.222455 0.003906 0.005373
0 0.688660 0.235563 0.003906 0.005373
0 0.486145 0.875596 0.003906 0.005373
0 0.748675 0.357008 0.003906 0.005373
0 0.280315 0.279596 0.003906 0.005373
0 0.224420 0.525605 0.003906 0.005373
0 0.423573 0.125461 0.003906 0.005373
0 0.232283 0.367647 0.003906 0.005373
0 0.750425 0.303038 0.003906 0.005373
0 0.713023 0.765427 0.003906 0.005373
0 0.572374 0.890529 0.003906 0.005373
0 0.233592 0.347955 0.003906 0.005373
0 0.256363 0.746998 0.003906 0.005373
0 0.802181 0.406901 0.003906 0.005373
0 0.764886 0.719457 0.003906 0.005373
0 0.543574 0.931857 0.003906 0.005373
0 0.811474 0.482586 0.003906 0.005373
0 0.767959 0.721357 0.003906 0.005373
0 0.723685 0.187048 0.003906 0.005373
0 0.612258 0.912886 0.003906 0.005373
0 0.341117 0.117374 0.003906 0.005373
0 0.548519 0.059227 0.003906 0.005373
0 0.757474 0.768936 0.003906 0.005373
0 0.464919 0.049092 0.003906 0.005373
0 0.559488 0.048928 0.003906 0.005373
0 0.198878 0.321819 0.003906 0.005373
0 0.185793 0.368833 0.003906 0.005373
0 0.172092 0.561750 0.003906 0.005373
0 0.829117 0.447278 0.003906 0.005373
0 0.168900 0.502787 0.003906 0.005373
0 0.642165 0.076534 0.003906 0.005373
0 0.786533 0.259387 0.003906 0.005373
0 0.196387 0.310570 0.003906 0.005373
0 0.238368 0.801620 0.003906 0.005373
0 0.390016 0.054428 0.003906 0.005373
0 0.603750 0.048312 0.003906 0.005373
0 0.226573 0.221074 0.003906 0.005373
0 0.269761 0.143634 0.003906 0.005373
0 0.252759 0.163921 0.003906 0.005373
0 0.269847 0.870260 0.003906 0.005373
0 0.159514 0.608663 0.003906 0.005373
0 0.281655 0.885001 0.003906 0.005373
0 0.158766 0.403348 0.003906 0.005373
0 0.814515 0.280777 0.003906 0.005373
0 0.848054 0.436090 0.003906 0.005373
0 0.272308 0.882032 0.003906 0.005373
0 0.822686 0.288622 0.003906 0.005373
0 0.157711 0.365762 0.003906 0.005373
0 0.645903 0.036365 0.003906 0.005373
0 0.330775 0.950280 0.003906 0.005373
0 0.143588 0.403716 0.003906 0.005373
0 0.263870 0.903999 0.003906 0.005373
0 0.866730 0.424245 0.003906 0.005373
0 0.371691 0.013743 0.003906 0.005373
0 0.174960 0.243241 0.003906 0.005373
0 0.861617 0.355986 0.003906 0.005373
0 0.790725 0.157354 0.003906 0.005373
0 0.872490 0.382186 0.003906 0.005373
0 0.289423 0.949674 0.003906 0.005373
0 0.129781 0.343619 0.003906 0.005373
0 0.790024 0.126164 0.003906 0.005373
0 0.786050 0.115417 0.003906 0.005373
0 0.127361 0.692420 0.003906 0.005373
0 0.895393 0.535499 0.003906 0.005373
0 0.171366 0.837370 0.003906 0.005373
0 0.275910 0.978729 0.003906 0.005373
0 0.776950 0.070542 0.003906 0.005373
0 0.116600 0.291380 0.003906 0.005373
0 0.278954 0.011393 0.003906 0.005373
0 0.200549 0.913141 0.003906 0.005373
0 0.080618 0.583763 0.003906 0.005373
0 0.930903 0.485678 0.003906 0.005373
0 0.814902 0.918964 0.003906 0.005373
0 0.164035 0.111313 0.003906 0.005373
0 0.866398 0.139258 0.003906 0.005373
0 0.770632 0.997116 0.003906 0.005373
0 0.943062 0.608127 0.003906 0.005373
0 0.052015 0.395206 0.003906 0.005373
0 0.795864 0.006710 0.003906 0.005373
0 0.931398 0.726269 0.003906 0.005373
0 0.195719 0.009762 0.003906 0.005373
0 0.058977 0.296920 0.003906 0.005373
0 0.122396 0.891581 0.003906 0.005373
0 0.121235 0.895206 0.003906 0.005373
0 0.920108 0.183292 0.003906 0.005373
0 0.085823 0.178244 0.003906 0.005373
0 0.979955 0.594150 0.003906 0.005373
0 0.946162 0.769926 0.003906 0.005373
0 0.073737 0.169285 0.003906 0.005373
0 0.913273 0.866621 0.003906 0.005373
0 0.144343 0.985059 0.003906 0.005373
0 0.125082 0.050352 0.003906 0.005373
0 0.963321 0.243511 0.003906 0.005373
0 0.898946 0.910244 0.003906 0.005373
0 0.986966 0.284496 0.003906 0.005373
0 0.006389 0.326988 0.003906 0.005373
0 0.991421 0.296787 0.003906 0.005373
0 0.884240 0.985014 0.003906 0.005373
0 0.086695 0.021681 0.003906 0.005373
0 0.930545 0.039315 0.003906 0.005373
0 0.038540 0.092492 0.003906 0.005373
0 0.992980 0.828201 0.003906 0.005373
0 0.988758 0.088749 0.003906 0.005373
0 0.987787 0.914840 0.003906 0.005373
