0 0.540528 0.488824 0.003906 0.005373
0 0.569113 0.494365 0.003906 0.005373
0 0.381733 0.426415 0.003906 0.005373
0 0.571830 0.663584 0.003906 0.005373
0 0.501057 0.692400 0.003906 0.005373
0 0.623401 0.621179 0.003906 0.005373
0 0.435344 0.275463 0.003906 0.005373
0 0.434525 0.730405 0.003906 0.005373
0 0.305886 0.443987 0.003906 0.005373
0 0.696438 0.548362 0.003906 0.005373
0 0.344241 0.328242 0.003906 0.005373
0 0.659120 0.315339 0.003906 0.005373
0 0.693231 0.370218 0.003906 0.005373
0 0.321792 0.264640 0.003906 0.005373
0 0.502002 0.844201 0.003906 0.005373
0 0.706865 0.289824 0.003906 0.005373
0 0.247621 0.421872 0.003906 0.005373
0 0.556790 0.849653 0.003906 0.005373
0 0.251818 0.387199 0.003906 0.005373
0 0.748775 0.636053 0.003906 0.005373
0 0.666026 0.812451 0.003906 0.005373
0 0.701184 0.229052 0.003906 0.005373
0 0.382947 0.862235 0.003906 0.005373
0 0.254509 0.278363 0.003906 0.005373
0 0.210648 0.422612 0.003906 0.005373
0 0.204411 0.465005 0.003906 0.005373
0 0.327476 0.835219 0.003906 0.005373
0 0.294870 0.799188 0.003906 0.005373
0 0.226049 0.333814 0.003906 0.005373
0 0.610757 0.887038 0.003906 0.005373
0 0.332183 0.846515 0.003906 0.005373
0 0.311633 0.154611 0.003906 0.005373
0 0.339527 0.881782 0.003906 0.005373
0 0.193636 0.647912 0.003906 0.005373
0 0.777249 0.738061 0.003906 0.005373
0 0.265149 0.173304 0.003906 0.005373
0 0.812191 0.684697 0.003906 0.005373
0 0.163545 0.338336 0.003906 0.005373
0 0.806154 0.762586 0.003906 0.005373
0 0.861156 0.612110 0.003906 0.005373
0 0.234136 0.142553 0.003906 0.005373
0 0.875285 0.534406 0.003906 0.005373
0 0.270430 0.932342 0.003906 0.005373
0 0.890269 0.615025 0.003906 0.005373
0 0.899045 0.545097 0.003906 0.005373
0 0.700200 0.987455 0.003906 0.005373
0 0.216334 0.904656 0.003906 0.005373
0 0.733371 0.989223 0.003906 0.005373
0 0.193095 0.091206 0.003906 0.005373
0 0.130335 0.795979 0.003906 0.005373
0 0.192842 0.089931 0.003906 0.005373
0 0.200749 0.075259 0.003906 0.005373
0 0.816282 0.098388 0.003906 0.005373
0 0.921577 0.342641 0.003906 0.005373
0 0.207640 0.051814 0.003906 0.005373
0 0.069347 0.384488 0.003906 0.005373
0 0.161084 0.107809 0.003906 0.005373
0 0.185508 0.950449 0.003906 0.005373
0 0.928402 0.712708 0.003906 0.005373
0 0.960265 0.521702 0.003906 0.005373
0 0.132957 0.111803 0.003906 0.005373
0 0.971756 0.449421 0.003906 0.005373
0 0.844530 0.947291 0.003906 0.005373
0 0.966808 0.334954 0.003906 0.005373
0 0.972772 0.655139 0.003906 0.005373
0 0.022452 0.638246 0.003906 0.005373
0 0.020398 0.625722 0.003906 0.005373
0 0.021788 0.638759 0.003906 0.005373
0 0.028170 0.774312 0.003906 0.005373
0 0.910905 0.933585 0.003906 0.005373
0 0.077587 0.920664 0.003906 0.005373
0 0.092215 0.992622 0.003906 0.005373
0 0.077826 0.016799 0.003906 0.005373
0 0.982194 0.953103 0.003906 0.005373
0 0.982083 0.960511 0.003906 0.005373
0 0.981919 0.967454 0.003906 0.005373
0 0.982151 0.968110 0.003906 0.005373
0 0.998402 0.940433 0.003906 0.005373
