0 0.502203 0.453369 0.003906 0.005373
0 0.509501 0.609414 0.003906 0.005373
0 0.419229 0.495389 0.003906 0.005373
0 0.513537 0.613702 0.003906 0.005373
0 0.600146 0.474332 0.003906 0.005373
0 0.600568 0.473891 0.003906 0.005373
0 0.605551 0.472762 0.003906 0.005373
0 0.610855 0.471470 0.003906 0.005373
0 0.405045 0.584636 0.003906 0.005373
0 0.623047 0.490903 0.003906 0.005373
0 0.408401 0.641830 0.003906 0.005373
0 0.610882 0.371359 0.003906 0.005373
0 0.499248 0.709197 0.003906 0.005373
0 0.508189 0.722139 0.003906 0.005373
0 0.660863 0.571833 0.003906 0.005373
0 0.588177 0.284350 0.003906 0.005373
0 0.320771 0.564504 0.003906 0.005373
0 0.474210 0.198660 0.003906 0.005373
0 0.268056 0.527062 0.003906 0.005373
0 0.553892 0.816940 0.003906 0.005373
0 0.256792 0.495360 0.003906 0.005373
0 0.514145 0.163572 0.003906 0.005373
0 0.600769 0.808820 0.003906 0.005373
0 0.725617 0.658974 0.003906 0.005373
0 0.536620 0.142327 0.003906 0.005373
0 0.422795 0.146049 0.003906 0.005373
0 0.441781 0.136949 0.003906 0.005373
0 0.766269 0.580612 0.003906 0.005373
0 0.220382 0.406007 0.003906 0.005373
0 0.261926 0.275120 0.003906 0.005373
0 0.771787 0.352027 0.003906 0.005373
0 0.740887 0.733274 0.003906 0.005373
0 0.531418 0.097168 0.003906 0.005373
0 0.263444 0.742412 0.003906 0.005373
0 0.485155 0.093969 0.003906 0.005373
0 0.290254 0.792313 0.003906 0.005373
0 0.712403 0.196567 0.003906 0.005373
0 0.382333 0.109737 0.003906 0.005373
0 0.599408 0.900929 0.003906 0.005373
0 0.487227 0.076791 0.003906 0.005373
0 0.688968 0.854129 0.003906 0.005373
0 0.773113 0.734665 0.003906 0.005373
0 0.673977 0.873250 0.003906 0.005373
0 0.806396 0.654458 0.003906 0.005373
0 0.183363 0.620396 0.003906 0.005373
0 0.821481 0.400773 0.003906 0.005373
0 0.831354 0.479365 0.003906 0.005373
0 0.521923 0.960619 0.003906 0.005373
0 0.724259 0.152744 0.003906 0.005373
0 0.277238 0.869086 0.003906 0.005373
0 0.769119 0.189571 0.003906 0.005373
0 0.145638 0.589604 0.003906 0.005373
0 0.461218 0.997197 0.003906 0.005373
0 0.834010 0.281504 0.003906 0.005373
0 0.134630 0.403791 0.003906 0.005373
0 0.830416 0.241602 0.003906 0.005373
0 0.649546 0.016949 0.003906 0.005373
0 0.883680 0.524388 0.003906 0.005373
0 0.889949 0.494008 0.003906 0.005373
0 0.230914 0.071247 0.003906 0.005373
0 0.193867 0.117550 0.003906 0.005373
0 0.791448 0.094429 0.003906 0.005373
0 0.163883 0.837229 0.003906 0.005373
0 0.115303 0.279402 0.003906 0.005373
0 0.885582 0.279755 0.003906 0.005373
0 0.101183 0.316158 0.003906 0.005373
0 0.074304 0.492146 0.003906 0.005373
0 0.914192 0.357914 0.003906 0.005373
0 0.072218 0.526497 0.003906 0.005373
0 0.888576 0.245575 0.003906 0.005373
0 0.115664 0.828039 0.003906 0.005373
0 0.186375 0.949509 0.003906 0.005373
0 0.095188 0.151487 0.003906 0.005373
0 0.967970 0.359378 0.003906 0.005373
0 0.080757 0.154106 0.003906 0.005373
0 0.846944 0.977942 0.003906 0.005373
0 0.843779 0.006658 0.003906 0.005373
0 0.014889 0.803951 0.003906 0.005373
0 0.934253 0.928766 0.003906 0.005373
0 0.000679 0.945939 0.003906 0.005373
