0 0.500352 0.446206 0.003906 0.005373
0 0.530200 0.438980 0.003906 0.005373
0 0.555680 0.513420 0.003906 0.005373
0 0.534900 0.402532 0.003906 0.005373
0 0.434743 0.588539 0.003906 0.005373
0 0.496680 0.311277 0.003906 0.005373
0 0.391843 0.643534 0.003906 0.005373
0 0.540410 0.298341 0.003906 0.005373
0 0.660080 0.495212 0.003906 0.005373
0 0.342087 0.676511 0.003906 0.005373
0 0.597333 0.235226 0.003906 0.005373
0 0.660820 0.295623 0.003906 0.005373
0 0.541235 0.196227 0.003906 0.005373
0 0.522202 0.826442 0.003906 0.005373
0 0.665240 0.259770 0.003906 0.005373
0 0.686994 0.249670 0.003906 0.005373
0 0.759695 0.609915 0.003906 0.005373
0 0.694774 0.234870 0.003906 0.005373
0 0.215163 0.560468 0.003906 0.005373
0 0.751075 0.707973 0.003906 0.005373
0 0.651303 0.847300 0.003906 0.005373
0 0.750345 0.287234 0.003906 0.005373
0 0.382443 0.881275 0.003906 0.005373
0 0.750219 0.749976 0.003906 0.005373
0 0.505415 0.944133 0.003906 0.005373
0 0.279357 0.829441 0.003906 0.005373
0 0.162647 0.457388 0.003906 0.005373
0 0.828101 0.632977 0.003906 0.005373
0 0.350430 0.063713 0.003906 0.005373
0 0.341959 0.068811 0.003906 0.005373
0 0.827555 0.828861 0.003906 0.005373
0 0.094490 0.419931 0.003906 0.005373
0 0.091745 0.421946 0.003906 0.005373
0 0.771417 0.058064 0.003906 0.005373
0 0.229964 0.025010 0.003906 0.005373
0 0.788969 0.023035 0.003906 0.005373
0 0.808106 0.958883 0.003906 0.005373
0 0.953976 0.446640 0.003906 0.005373
0 0.935837 0.291886 0.003906 0.005373
0 0.143714 0.941614 0.003906 0.005373
0 0.038633 0.297888 0.003906 0.005373
0 0.910543 0.866909 0.003906 0.005373
0 0.013291 0.406191 0.003906 0.005373
0 0.133079 0.019693 0.003906 0.005373
0 0.103127 0.953026 0.003906 0.005373
0 0.036491 0.174106 0.003906 0.005373
0 0.013337 0.132297 0.003906 0.005373
