0 0.507287 0.461511 0.003906 0.005373
0 0.475399 0.617424 0.003906 0.005373
0 0.453099 0.383402 0.003906 0.005373
0 0.397322 0.435936 0.003906 0.005373
0 0.379785 0.471111 0.003906 0.005373
0 0.371203 0.533052 0.003906 0.005373
0 0.370534 0.554267 0.003906 0.005373
0 0.462985 0.699720 0.003906 0.005373
0 0.655527 0.467492 0.003906 0.005373
0 0.646391 0.405441 0.003906 0.005373
0 0.652698 0.585532 0.003906 0.005373
0 0.663854 0.452456 0.003906 0.005373
0 0.671314 0.449184 0.003906 0.005373
0 0.405943 0.707137 0.003906 0.005373
0 0.473451 0.746876 0.003906 0.005373
0 0.315673 0.553909 0.003906 0.005373
0 0.663772 0.643241 0.003906 0.005373
0 0.621129 0.286670 0.003906 0.005373
0 0.339971 0.657830 0.003906 0.005373
0 0.312799 0.410381 0.003906 0.005373
0 0.648963 0.686934 0.003906 0.005373
0 0.362727 0.290956 0.003906 0.005373
0 0.437095 0.768217 0.003906 0.005373
0 0.435655 0.768786 0.003906 0.005373
0 0.658696 0.690817 0.003906 0.005373
0 0.633464 0.274990 0.003906 0.005373
0 0.689959 0.631451 0.003906 0.005373
0 0.590377 0.234634 0.003906 0.005373
0 0.401597 0.230844 0.003906 0.005373
0 0.691429 0.352368 0.003906 0.005373
0 0.339855 0.712684 0.003906 0.005373
0 0.276097 0.502883 0.003906 0.005373
0 0.548617 0.803354 0.003906 0.005373
0 0.277577 0.557491 0.003906 0.005373
0 0.276383 0.550003 0.003906 0.005373
0 0.576654 0.794740 0.003906 0.005373
0 0.557580 0.804297 0.003906 0.005373
0 0.722113 0.574050 0.003906 0.005373
0 0.274409 0.558640 0.003906 0.005373
0 0.328292 0.285108 0.003906 0.005373
0 0.661225 0.731647 0.003906 0.005373
0 0.417612 0.199754 0.003906 0.005373
0 0.265000 0.473821 0.003906 0.005373
0 0.273861 0.647583 0.003906 0.005373
0 0.325413 0.751882 0.003906 0.005373
0 0.267782 0.638962 0.003906 0.005373
0 0.730220 0.348271 0.003906 0.005373
0 0.475690 0.150293 0.003906 0.005373
0 0.470075 0.143257 0.003906 0.005373
0 0.614182 0.831051 0.003906 0.005373
0 0.634417 0.183317 0.003906 0.005373
0 0.274424 0.292106 0.003906 0.005373
0 0.440630 0.134240 0.003906 0.005373
0 0.259745 0.316301 0.003906 0.005373
0 0.220814 0.483788 0.003906 0.005373
0 0.595384 0.137010 0.003906 0.005373
0 0.265981 0.282689 0.003906 0.005373
0 0.556680 0.118408 0.003906 0.005373
0 0.251633 0.308998 0.003906 0.005373
0 0.437604 0.114289 0.003906 0.005373
0 0.231355 0.345291 0.003906 0.005373
0 0.231636 0.341112 0.003906 0.005373
0 0.794171 0.406214 0.003906 0.005373
0 0.796091 0.416250 0.003906 0.005373
0 0.760604 0.712673 0.003906 0.005373
0 0.798591 0.579161 0.003906 0.005373
0 0.181709 0.475944 0.003906 0.005373
0 0.760319 0.756649 0.003906 0.005373
0 0.735560 0.199544 0.003906 0.005373
0 0.592273 0.923595 0.003906 0.005373
0 0.213766 0.294015 0.003906 0.005373
0 0.228911 0.254002 0.003906 0.005373
0 0.614378 0.072465 0.003906 0.005373
0 0.836626 0.548203 0.003906 0.005373
0 0.784589 0.755687 0.003906 0.005373
0 0.252039 0.820152 0.003906 0.005373
0 0.262572 0.842550 0.003906 0.005373
0 0.822850 0.335613 0.003906 0.005373
0 0.824675 0.331841 0.003906 0.005373
0 0.680961 0.091852 0.003906 0.005373
0 0.215809 0.224746 0.003906 0.005373
0 0.164819 0.373436 0.003906 0.005373
0 0.765890 0.819587 0.003906 0.005373
0 0.478059 0.011028 0.003906 0.005373
0 0.318225 0.921394 0.003906 0.005373
0 0.856807 0.540964 0.003906 0.005373
0 0.451733 0.993717 0.003906 0.005373
0 0.136324 0.420446 0.003906 0.005373
0 0.373086 0.978167 0.003906 0.005373
0 0.389558 0.010526 0.003906 0.005373
0 0.324093 0.037620 0.003906 0.005373
0 0.784594 0.154013 0.003906 0.005373
0 0.262481 0.909716 0.003906 0.005373
0 0.117573 0.516166 0.003906 0.005373
0 0.699486 0.955198 0.003906 0.005373
0 0.891543 0.531155 0.003906 0.005373
0 0.876619 0.688889 0.003906 0.005373
0 0.885912 0.336598 0.003906 0.005373
0 0.121849 0.297361 0.003906 0.005373
0 0.208043 0.891149 0.003906 0.005373
0 0.890112 0.675798 0.003906 0.005373
0 0.189039 0.890444 0.003906 0.005373
0 0.737926 0.981968 0.003906 0.005373
0 0.909233 0.677708 0.003906 0.005373
0 0.060445 0.568866 0.003906 0.005373
0 0.942352 0.603291 0.003906 0.005373
0 0.063280 0.642911 0.003906 0.005373
0 0.950650 0.375988 0.003906 0.005373
0 0.139571 0.097176 0.003906 0.005373
0 0.947636 0.325861 0.003906 0.005373
0 0.834231 0.052163 0.003906 0.005373
0 0.835486 0.052315 0.003906 0.005373
0 0.166119 0.965758 0.003906 0.005373
0 0.939529 0.762417 0.003906 0.005373
0 0.087728 0.138540 0.003906 0.005373
0 0.970368 0.314551 0.003906 0.005373
0 0.010321 0.545594 0.003906 0.005373
0 0.977879 0.683017 0.003906 0.005373
0 0.985325 0.647682 0.003906 0.005373
0 0.946282 0.197060 0.003906 0.005373
0 0.153686 0.003982 0.003906 0.005373
0 0.122687 0.042900 0.003906 0.005373
0 0.015426 0.721338 0.003906 0.005373
0 0.897093 0.945726 0.003906 0.005373
0 0.000631 0.674370 0.003906 0.005373
0 0.980291 0.783748 0.003906 0.005373
0 0.064439 0.097940 0.003906 0.005373
0 0.915678 0.058894 0.003906 0.005373
0 0.963633 0.110738 0.003906 0.005373
0 0.991870 0.166673 0.003906 0.005373
0 0.972709 0.885620 0.003906 0.005373
0 0.999660 0.159253 0.003906 0.005373
0 0.033890 0.021130 0.003906 0.005373
