0 0.480898 0.549307 0.003906 0.005373
0 0.514535 0.597642 0.003906 0.005373
0 0.401207 0.359853 0.003906 0.005373
0 0.637666 0.620938 0.003906 0.005373
0 0.503565 0.772007 0.003906 0.005373
0 0.662140 0.667595 0.003906 0.005373
0 0.707499 0.527565 0.003906 0.005373
0 0.713993 0.478285 0.003906 0.005373
0 0.351517 0.720922 0.003906 0.005373
0 0.300086 0.712805 0.003906 0.005373
0 0.282443 0.317904 0.003906 0.005373
0 0.283145 0.315994 0.003906 0.005373
0 0.403035 0.173000 0.003906 0.005373
0 0.739635 0.368871 0.003906 0.005373
0 0.352982 0.792875 0.003906 0.005373
0 0.241480 0.521736 0.003906 0.005373
0 0.314017 0.749250 0.003906 0.005373
0 0.303401 0.753585 0.003906 0.005373
0 0.783285 0.602109 0.003906 0.005373
0 0.799851 0.435724 0.003906 0.005373
0 0.645665 0.118326 0.003906 0.005373
0 0.756586 0.748201 0.003906 0.005373
0 0.764862 0.731160 0.003906 0.005373
0 0.545860 0.065184 0.003906 0.005373
0 0.780666 0.777141 0.003906 0.005373
0 0.474322 0.982145 0.003906 0.005373
0 0.409313 0.021277 0.003906 0.005373
0 0.798182 0.782091 0.003906 0.005373
0 0.212899 0.860262 0.003906 0.005373
0 0.886729 0.417065 0.003906 0.005373
0 0.778307 0.919606 0.003906 0.005373
0 0.108369 0.718549 0.003906 0.005373
0 0.055650 0.532145 0.003906 0.005373
0 0.050211 0.344639 0.003906 0.005373
0 0.852397 0.072739 0.003906 0.005373
0 0.031810 0.646836 0.003906 0.005373
0 0.934259 0.816630 0.003906 0.005373
0 0.040352 0.259126 0.003906 0.005373
0 0.989072 0.369575 0.003906 0.005373
0 0.995808 0.260522 0.003906 0.005373
0 0.089737 0.998748 0.003906 0.005373
