0 0.465783 0.519593 0.003906 0.005373
0 0.488217 0.602313 0.003906 0.005373
0 0.439088 0.606532 0.003906 0.005373
0 0.463685 0.363448 0.003906 0.005373
0 0.513894 0.646681 0.003906 0.005373
0 0.380016 0.498698 0.003906 0.005373
0 0.540802 0.691984 0.003906 0.005373
0 0.444489 0.312869 0.003906 0.005373
0 0.698768 0.415910 0.003906 0.005373
0 0.558531 0.225203 0.003906 0.005373
0 0.671172 0.301380 0.003906 0.005373
0 0.642065 0.739100 0.003906 0.005373
0 0.723716 0.528446 0.003906 0.005373
0 0.725222 0.583331 0.003906 0.005373
0 0.354557 0.756274 0.003906 0.005373
0 0.296525 0.334651 0.003906 0.005373
0 0.532523 0.905389 0.003906 0.005373
0 0.205892 0.367890 0.003906 0.005373
0 0.651567 0.884661 0.003906 0.005373
0 0.187611 0.629705 0.003906 0.005373
0 0.232566 0.762167 0.003906 0.005373
0 0.641160 0.091556 0.003906 0.005373
0 0.165806 0.466211 0.003906 0.005373
0 0.725778 0.880479 0.003906 0.005373
0 0.643795 0.980845 0.003906 0.005373
0 0.160872 0.750641 0.003906 0.005373
0 0.787907 0.116105 0.003906 0.005373
0 0.916993 0.580264 0.003906 0.005373
0 0.793217 0.023839 0.003906 0.005373
0 0.054419 0.689845 0.003906 0.005373
0 0.032227 0.540219 0.003906 0.005373
0 0.970674 0.550276 0.003906 0.005373
0 0.103876 0.141416 0.003906 0.005373
0 0.137760 0.062163 0.003906 0.005373
0 0.169148 0.989274 0.003906 0.005373
0 0.982143 0.323630 0.003906 0.005373
0 0.002633 0.414546 0.003906 0.005373
0 0.027947 0.895734 0.003906 0.005373
0 0.960143 0.982853 0.003906 0.005373
