0 0.522685 0.448442 0.003906 0.005373
0 0.464163 0.688449 0.003906 0.005373
0 0.658945 0.556944 0.003906 0.005373
0 0.383676 0.339715 0.003906 0.005373
0 0.685047 0.394774 0.003906 0.005373
0 0.683909 0.390581 0.003906 0.005373
0 0.598055 0.251000 0.003906 0.005373
0 0.555087 0.800337 0.003906 0.005373
0 0.748540 0.528769 0.003906 0.005373
0 0.552410 0.828392 0.003906 0.005373
0 0.311741 0.781684 0.003906 0.005373
0 0.299941 0.216195 0.003906 0.005373
0 0.550593 0.118937 0.003906 0.005373
0 0.739122 0.278161 0.003906 0.005373
0 0.301958 0.788524 0.003906 0.005373
0 0.207774 0.612479 0.003906 0.005373
0 0.796232 0.368331 0.003906 0.005373
0 0.791385 0.349566 0.003906 0.005373
0 0.471225 0.924137 0.003906 0.005373
0 0.251031 0.207944 0.003906 0.005373
0 0.835356 0.394663 0.003906 0.005373
0 0.829002 0.660438 0.003906 0.005373
0 0.197433 0.259284 0.003906 0.005373
0 0.851155 0.580724 0.003906 0.005373
0 0.796578 0.215840 0.003906 0.005373
0 0.334122 0.954808 0.003906 0.005373
0 0.340404 0.014542 0.003906 0.005373
0 0.111190 0.615928 0.003906 0.005373
0 0.840707 0.834704 0.003906 0.005373
0 0.209993 0.890284 0.003906 0.005373
0 0.913461 0.675561 0.003906 0.005373
0 0.803623 0.088212 0.003906 0.005373
0 0.083868 0.727051 0.003906 0.005373
0 0.139242 0.923793 0.003906 0.005373
0 0.019645 0.288767 0.003906 0.005373
0 0.102278 0.965023 0.003906 0.005373
0 0.111709 0.980553 0.003906 0.005373
0 0.041447 0.094934 0.003906 0.005373
0 0.027829 0.005124 0.003906 0.005373
0 0.006228 0.042351 0.003906 0.005373
