0 0.493716 0.509354 0.003906 0.005373
0 0.449803 0.556029 0.003906 0.005373
0 0.511723 0.632868 0.003906 0.005373
0 0.580049 0.382728 0.003906 0.005373
0 0.605881 0.604592 0.003906 0.005373
0 0.626357 0.524675 0.003906 0.005373
0 0.652397 0.496623 0.003906 0.005373
0 0.435354 0.226147 0.003906 0.005373
0 0.366836 0.716136 0.003906 0.005373
0 0.437288 0.183070 0.003906 0.005373
0 0.602836 0.209764 0.003906 0.005373
0 0.308804 0.254331 0.003906 0.005373
0 0.416948 0.148776 0.003906 0.005373
0 0.749641 0.488461 0.003906 0.005373
0 0.731964 0.386098 0.003906 0.005373
0 0.394570 0.138560 0.003906 0.005373
0 0.700690 0.774707 0.003906 0.005373
0 0.262385 0.672948 0.003906 0.005373
0 0.501129 0.968140 0.003906 0.005373
0 0.188237 0.615271 0.003906 0.005373
0 0.274138 0.103774 0.003906 0.005373
0 0.309618 0.064320 0.003906 0.005373
0 0.777970 0.243459 0.003906 0.005373
0 0.150026 0.415598 0.003906 0.005373
0 0.190192 0.216089 0.003906 0.005373
0 0.848859 0.480020 0.003906 0.005373
0 0.404470 0.972792 0.003906 0.005373
0 0.188125 0.213247 0.003906 0.005373
0 0.668619 0.076386 0.003906 0.005373
0 0.856875 0.526672 0.003906 0.005373
0 0.135224 0.516524 0.003906 0.005373
0 0.367451 0.978504 0.003906 0.005373
0 0.332330 0.956571 0.003906 0.005373
0 0.343217 0.972288 0.003906 0.005373
0 0.147701 0.245839 0.003906 0.005373
0 0.852374 0.331694 0.003906 0.005373
0 0.147903 0.673959 0.003906 0.005373
0 0.315835 0.967533 0.003906 0.005373
0 0.815031 0.159175 0.003906 0.005373
0 0.802961 0.969150 0.003906 0.005373
0 0.899532 0.349567 0.003906 0.005373
0 0.124234 0.731788 0.003906 0.005373
0 0.887213 0.892675 0.003906 0.005373
0 0.044299 0.561862 0.003906 0.005373
0 0.973462 0.555655 0.003906 0.005373
0 0.168932 0.995588 0.003906 0.005373
0 0.082864 0.024724 0.003906 0.005373
0 0.129699 0.975629 0.003906 0.005373
0 0.022473 0.007713 0.003906 0.005373
