0 0.524728 0.440585 0.003906 0.005373
0 0.560805 0.529674 0.003906 0.005373
0 0.552318 0.553149 0.003906 0.005373
0 0.609931 0.417475 0.003906 0.005373
0 0.454427 0.292433 0.003906 0.005373
0 0.678876 0.548673 0.003906 0.005373
0 0.679299 0.548015 0.003906 0.005373
0 0.329328 0.597370 0.003906 0.005373
0 0.316163 0.571396 0.003906 0.005373
0 0.385258 0.729953 0.003906 0.005373
0 0.367282 0.260226 0.003906 0.005373
0 0.295732 0.342264 0.003906 0.005373
0 0.340299 0.224594 0.003906 0.005373
0 0.606143 0.849994 0.003906 0.005373
0 0.668569 0.157844 0.003906 0.005373
0 0.718116 0.213223 0.003906 0.005373
0 0.679483 0.139320 0.003906 0.005373
0 0.641251 0.108345 0.003906 0.005373
0 0.231457 0.250016 0.003906 0.005373
0 0.174654 0.444685 0.003906 0.005373
0 0.220749 0.761250 0.003906 0.005373
0 0.831531 0.600052 0.003906 0.005373
0 0.170449 0.373122 0.003906 0.005373
0 0.839595 0.375214 0.003906 0.005373
0 0.493709 0.985060 0.003906 0.005373
0 0.843787 0.369195 0.003906 0.005373
0 0.225117 0.817329 0.003906 0.005373
0 0.378179 0.966136 0.003906 0.005373
0 0.570296 0.996237 0.003906 0.005373
0 0.857038 0.311129 0.003906 0.005373
0 0.188024 0.156223 0.003906 0.005373
0 0.734102 0.973039 0.003906 0.005373
0 0.088831 0.649651 0.003906 0.005373
0 0.095477 0.725740 0.003906 0.005373
0 0.935095 0.421163 0.003906 0.005373
0 0.064676 0.327020 0.003906 0.005373
0 0.163344 0.937346 0.003906 0.005373
0 0.801904 0.990179 0.003906 0.005373
0 0.039341 0.611942 0.003906 0.005373
0 0.864820 0.074782 0.003906 0.005373
0 0.040142 0.769798 0.003906 0.005373
0 0.988993 0.316944 0.003906 0.005373
0 0.014294 0.239594 0.003906 0.005373
0 0.911517 0.942585 0.003906 0.005373
0 0.089147 0.015826 0.003906 0.005373
0 0.007284 0.908675 0.003906 0.005373
