0 0.562897 0.535541 0.003906 0.005373
0 0.447080 0.663117 0.003906 0.005373
0 0.399893 0.636513 0.003906 0.005373
0 0.359487 0.562296 0.003906 0.005373
0 0.309378 0.413078 0.003906 0.005373
0 0.346896 0.682431 0.003906 0.005373
0 0.365203 0.720460 0.003906 0.005373
0 0.605205 0.247132 0.003906 0.005373
0 0.289351 0.433951 0.003906 0.005373
0 0.546005 0.791291 0.003906 0.005373
0 0.445140 0.802124 0.003906 0.005373
0 0.411608 0.839022 0.003906 0.005373
0 0.418320 0.843356 0.003906 0.005373
0 0.348067 0.201136 0.003906 0.005373
0 0.668055 0.805498 0.003906 0.005373
0 0.308685 0.791890 0.003906 0.005373
0 0.342741 0.160317 0.003906 0.005373
0 0.709549 0.202522 0.003906 0.005373
0 0.567100 0.081559 0.003906 0.005373
0 0.176233 0.621760 0.003906 0.005373
0 0.856847 0.533816 0.003906 0.005373
0 0.225302 0.827326 0.003906 0.005373
0 0.142659 0.654629 0.003906 0.005373
0 0.273375 0.045839 0.003906 0.005373
0 0.910868 0.297421 0.003906 0.005373
0 0.157133 0.098294 0.003906 0.005373
0 0.083443 0.153228 0.003906 0.005373
0 0.996327 0.585413 0.003906 0.005373
0 0.864831 0.988851 0.003906 0.005373
0 0.949189 0.831350 0.003906 0.005373
0 0.089163 0.929841 0.003906 0.005373
0 0.052237 0.028920 0.003906 0.005373
0 0.005131 0.883052 0.003906 0.005373
0 0.017843 0.055177 0.003906 0.005373
