0 0.475585 0.477546 0.003906 0.005373
0 0.588606 0.500055 0.003906 0.005373
0 0.571172 0.630913 0.003906 0.005373
0 0.609896 0.648168 0.003906 0.005373
0 0.385395 0.643803 0.003906 0.005373
0 0.496817 0.731446 0.003906 0.005373
0 0.410109 0.718646 0.003906 0.005373
0 0.661330 0.653959 0.003906 0.005373
0 0.494482 0.779345 0.003906 0.005373
0 0.629377 0.716939 0.003906 0.005373
0 0.708586 0.452347 0.003906 0.005373
0 0.496384 0.185562 0.003906 0.005373
0 0.338973 0.252670 0.003906 0.005373
0 0.492964 0.161963 0.003906 0.005373
0 0.413047 0.827677 0.003906 0.005373
0 0.340415 0.227288 0.003906 0.005373
0 0.682859 0.240398 0.003906 0.005373
0 0.657714 0.837846 0.003906 0.005373
0 0.556976 0.105544 0.003906 0.005373
0 0.214250 0.661007 0.003906 0.005373
0 0.391703 0.900748 0.003906 0.005373
0 0.806555 0.427093 0.003906 0.005373
0 0.577338 0.082857 0.003906 0.005373
0 0.327792 0.862087 0.003906 0.005373
0 0.805521 0.366787 0.003906 0.005373
0 0.809267 0.376639 0.003906 0.005373
0 0.252201 0.783508 0.003906 0.005373
0 0.584049 0.928805 0.003906 0.005373
0 0.408741 0.068964 0.003906 0.005373
0 0.322999 0.119382 0.003906 0.005373
0 0.169219 0.536659 0.003906 0.005373
0 0.490507 0.957869 0.003906 0.005373
0 0.241693 0.204704 0.003906 0.005373
0 0.485713 0.964646 0.003906 0.005373
0 0.808859 0.689152 0.003906 0.005373
0 0.721308 0.857358 0.003906 0.005373
0 0.163788 0.584116 0.003906 0.005373
0 0.704150 0.894353 0.003906 0.005373
0 0.227849 0.192380 0.003906 0.005373
0 0.830789 0.331996 0.003906 0.005373
0 0.850107 0.588174 0.003906 0.005373
0 0.216772 0.796742 0.003906 0.005373
0 0.548258 0.987862 0.003906 0.005373
0 0.293494 0.919793 0.003906 0.005373
0 0.858748 0.626638 0.003906 0.005373
0 0.587962 0.004663 0.003906 0.005373
0 0.819198 0.765590 0.003906 0.005373
0 0.152158 0.267377 0.003906 0.005373
0 0.291921 0.049668 0.003906 0.005373
0 0.267922 0.937320 0.003906 0.005373
0 0.881883 0.364398 0.003906 0.005373
0 0.898910 0.602134 0.003906 0.005373
0 0.689974 0.001577 0.003906 0.005373
0 0.105072 0.661286 0.003906 0.005373
0 0.741375 0.030224 0.003906 0.005373
0 0.821845 0.872167 0.003906 0.005373
0 0.085306 0.337378 0.003906 0.005373
0 0.140222 0.833226 0.003906 0.005373
0 0.938828 0.410571 0.003906 0.005373
0 0.098508 0.799052 0.003906 0.005373
0 0.070767 0.715000 0.003906 0.005373
0 0.906442 0.803104 0.003906 0.005373
0 0.137722 0.098985 0.003906 0.005373
0 0.016477 0.366411 0.003906 0.005373
0 0.866257 0.040436 0.003906 0.005373
0 0.986741 0.708616 0.003906 0.005373
0 0.941344 0.143452 0.003906 0.005373
0 0.943433 0.875545 0.003906 0.005373
0 0.010171 0.115192 0.003906 0.005373
