0 0.435098 0.509963 0.003906 0.005373
0 0.569588 0.529377 0.003906 0.005373
0 0.486005 0.370831 0.003906 0.005373
0 0.611536 0.470336 0.003906 0.005373
0 0.611338 0.466544 0.003906 0.005373
0 0.470270 0.686800 0.003906 0.005373
0 0.383095 0.372006 0.003906 0.005373
0 0.340649 0.562184 0.003906 0.005373
0 0.501668 0.262188 0.003906 0.005373
0 0.488519 0.243230 0.003906 0.005373
0 0.640416 0.674754 0.003906 0.005373
0 0.614301 0.748490 0.003906 0.005373
0 0.569068 0.798376 0.003906 0.005373
0 0.678069 0.704846 0.003906 0.005373
0 0.288744 0.361888 0.003906 0.005373
0 0.698392 0.312417 0.003906 0.005373
0 0.680302 0.734510 0.003906 0.005373
0 0.679061 0.736702 0.003906 0.005373
0 0.251303 0.416777 0.003906 0.005373
0 0.244673 0.469902 0.003906 0.005373
0 0.714259 0.296148 0.003906 0.005373
0 0.553485 0.145109 0.003906 0.005373
0 0.265985 0.670036 0.003906 0.005373
0 0.551586 0.858363 0.003906 0.005373
0 0.761795 0.401487 0.003906 0.005373
0 0.420745 0.127530 0.003906 0.005373
0 0.423480 0.123124 0.003906 0.005373
0 0.763359 0.345248 0.003906 0.005373
0 0.210068 0.541351 0.003906 0.005373
0 0.480398 0.926415 0.003906 0.005373
0 0.408722 0.084135 0.003906 0.005373
0 0.544842 0.065311 0.003906 0.005373
0 0.405631 0.920505 0.003906 0.005373
0 0.355083 0.895841 0.003906 0.005373
0 0.800809 0.665943 0.003906 0.005373
0 0.188867 0.641087 0.003906 0.005373
0 0.173742 0.565047 0.003906 0.005373
0 0.248463 0.203824 0.003906 0.005373
0 0.611587 0.930553 0.003906 0.005373
0 0.797567 0.286122 0.003906 0.005373
0 0.799259 0.289455 0.003906 0.005373
0 0.776741 0.235829 0.003906 0.005373
0 0.815099 0.331492 0.003906 0.005373
0 0.164371 0.398095 0.003906 0.005373
0 0.617829 0.041197 0.003906 0.005373
0 0.335158 0.930646 0.003906 0.005373
0 0.838764 0.663147 0.003906 0.005373
0 0.839229 0.661950 0.003906 0.005373
0 0.606272 0.027613 0.003906 0.005373
0 0.854383 0.381337 0.003906 0.005373
0 0.866882 0.444957 0.003906 0.005373
0 0.220277 0.860700 0.003906 0.005373
0 0.207711 0.140850 0.003906 0.005373
0 0.840991 0.766501 0.003906 0.005373
0 0.892323 0.563734 0.003906 0.005373
0 0.210678 0.127744 0.003906 0.005373
0 0.099260 0.431029 0.003906 0.005373
0 0.890406 0.651008 0.003906 0.005373
0 0.106025 0.641682 0.003906 0.005373
0 0.150502 0.810213 0.003906 0.005373
0 0.142777 0.811221 0.003906 0.005373
0 0.871535 0.222158 0.003906 0.005373
0 0.923919 0.581378 0.003906 0.005373
0 0.215687 0.943906 0.003906 0.005373
0 0.201374 0.940104 0.003906 0.005373
0 0.111288 0.787359 0.003906 0.005373
0 0.216427 0.034911 0.003906 0.005373
0 0.776125 0.985822 0.003906 0.005373
0 0.947226 0.652225 0.003906 0.005373
0 0.802704 0.994561 0.003906 0.005373
0 0.929408 0.798970 0.003906 0.005373
0 0.012169 0.500222 0.003906 0.005373
0 0.066091 0.157383 0.003906 0.005373
0 0.144393 0.991853 0.003906 0.005373
0 0.980220 0.283851 0.003906 0.005373
0 0.036129 0.214823 0.003906 0.005373
0 0.999648 0.258006 0.003906 0.005373
0 0.105499 0.995212 0.003906 0.005373
0 0.953540 0.903475 0.003906 0.005373
