0 0.545623 0.618744 0.003906 0.005373
0 0.483639 0.365896 0.003906 0.005373
0 0.578913 0.592099 0.003906 0.005373
0 0.500231 0.356371 0.003906 0.005373
0 0.409723 0.585798 0.003906 0.005373
0 0.610105 0.548175 0.003906 0.005373
0 0.613029 0.466751 0.003906 0.005373
0 0.619657 0.568309 0.003906 0.005373
0 0.511028 0.276356 0.003906 0.005373
0 0.626024 0.339375 0.003906 0.005373
0 0.419074 0.286612 0.003906 0.005373
0 0.344340 0.379771 0.003906 0.005373
0 0.427498 0.751987 0.003906 0.005373
0 0.301983 0.483997 0.003906 0.005373
0 0.666270 0.651592 0.003906 0.005373
0 0.371494 0.287052 0.003906 0.005373
0 0.486448 0.784953 0.003906 0.005373
0 0.380747 0.263662 0.003906 0.005373
0 0.460728 0.785254 0.003906 0.005373
0 0.301109 0.611642 0.003906 0.005373
0 0.297858 0.620631 0.003906 0.005373
0 0.361413 0.263915 0.003906 0.005373
0 0.682230 0.681765 0.003906 0.005373
0 0.418469 0.792548 0.003906 0.005373
0 0.672652 0.724535 0.003906 0.005373
0 0.612892 0.207132 0.003906 0.005373
0 0.364618 0.778098 0.003906 0.005373
0 0.710184 0.320227 0.003906 0.005373
0 0.640401 0.789828 0.003906 0.005373
0 0.716228 0.305829 0.003906 0.005373
0 0.719073 0.300188 0.003906 0.005373
0 0.512525 0.136426 0.003906 0.005373
0 0.717138 0.282910 0.003906 0.005373
0 0.633120 0.845856 0.003906 0.005373
0 0.209297 0.581094 0.003906 0.005373
0 0.523721 0.926904 0.003906 0.005373
0 0.820131 0.394113 0.003906 0.005373
0 0.594356 0.060445 0.003906 0.005373
0 0.295447 0.863517 0.003906 0.005373
0 0.783891 0.753445 0.003906 0.005373
0 0.826921 0.360292 0.003906 0.005373
0 0.381839 0.943374 0.003906 0.005373
0 0.819345 0.308150 0.003906 0.005373
0 0.671312 0.919378 0.003906 0.005373
0 0.180368 0.301894 0.003906 0.005373
0 0.427263 0.022144 0.003906 0.005373
0 0.769770 0.821089 0.003906 0.005373
0 0.675856 0.927563 0.003906 0.005373
0 0.527812 0.010004 0.003906 0.005373
0 0.343338 0.057472 0.003906 0.005373
0 0.389404 0.970303 0.003906 0.005373
0 0.168340 0.291046 0.003906 0.005373
0 0.588224 0.989173 0.003906 0.005373
0 0.659121 0.956518 0.003906 0.005373
0 0.867441 0.550087 0.003906 0.005373
0 0.576061 0.000464 0.003906 0.005373
0 0.145698 0.652949 0.003906 0.005373
0 0.676431 0.952350 0.003906 0.005373
0 0.709398 0.070511 0.003906 0.005373
0 0.124056 0.472348 0.003906 0.005373
0 0.245131 0.884171 0.003906 0.005373
0 0.122335 0.417431 0.003906 0.005373
0 0.885256 0.552446 0.003906 0.005373
0 0.274482 0.950689 0.003906 0.005373
0 0.821223 0.174709 0.003906 0.005373
0 0.140185 0.253056 0.003906 0.005373
0 0.128325 0.284901 0.003906 0.005373
0 0.276259 0.966291 0.003906 0.005373
0 0.797400 0.881096 0.003906 0.005373
0 0.149263 0.790922 0.003906 0.005373
0 0.712902 0.982977 0.003906 0.005373
0 0.109164 0.317914 0.003906 0.005373
0 0.775833 0.922270 0.003906 0.005373
0 0.091600 0.397389 0.003906 0.005373
0 0.842608 0.173729 0.003906 0.005373
0 0.788673 0.083096 0.003906 0.005373
0 0.801846 0.906920 0.003906 0.005373
0 0.723091 0.996723 0.003906 0.005373
0 0.072477 0.504757 0.003906 0.005373
0 0.878906 0.779530 0.003906 0.005373
0 0.084790 0.339349 0.003906 0.005373
0 0.813773 0.067669 0.003906 0.005373
0 0.918569 0.742680 0.003906 0.005373
0 0.211088 0.012751 0.003906 0.005373
0 0.905376 0.793645 0.003906 0.005373
0 0.039606 0.525767 0.003906 0.005373
0 0.900361 0.171848 0.003906 0.005373
0 0.043854 0.668499 0.003906 0.005373
0 0.972509 0.559092 0.003906 0.005373
0 0.126468 0.919250 0.003906 0.005373
0 0.015394 0.436359 0.003906 0.005373
0 0.894112 0.936247 0.003906 0.005373
0 0.002531 0.687263 0.003906 0.005373
0 0.028901 0.791916 0.003906 0.005373
0 0.991867 0.255787 0.003906 0.005373
0 0.992206 0.256577 0.003906 0.005373
0 0.030070 0.146225 0.003906 0.005373
0 0.046247 0.041915 0.003906 0.005373
0 0.980885 0.093021 0.003906 0.005373
0 0.038359 0.052848 0.003906 0.005373
0 0.028976 0.981232 0.003906 0.005373
