0 0.481273 0.366089 0.003906 0.005373
0 0.600068 0.475339 0.003906 0.005373
0 0.421127 0.600528 0.003906 0.005373
0 0.575559 0.605513 0.003906 0.005373
0 0.624353 0.554658 0.003906 0.005373
0 0.597112 0.377652 0.003906 0.005373
0 0.366980 0.534934 0.003906 0.005373
0 0.631684 0.446832 0.003906 0.005373
0 0.450063 0.683811 0.003906 0.005373
0 0.633261 0.412805 0.003906 0.005373
0 0.399309 0.655790 0.003906 0.005373
0 0.655485 0.471966 0.003906 0.005373
0 0.340749 0.475227 0.003906 0.005373
0 0.338456 0.551000 0.003906 0.005373
0 0.580568 0.719197 0.003906 0.005373
0 0.517625 0.240664 0.003906 0.005373
0 0.658861 0.342981 0.003906 0.005373
0 0.324306 0.371859 0.003906 0.005373
0 0.300922 0.479649 0.003906 0.005373
0 0.708694 0.506021 0.003906 0.005373
0 0.649298 0.725165 0.003906 0.005373
0 0.338826 0.720702 0.003906 0.005373
0 0.338497 0.720657 0.003906 0.005373
0 0.314981 0.698432 0.003906 0.005373
0 0.261556 0.515812 0.003906 0.005373
0 0.318177 0.723519 0.003906 0.005373
0 0.319201 0.275041 0.003906 0.005373
0 0.455428 0.167367 0.003906 0.005373
0 0.739006 0.609861 0.003906 0.005373
0 0.361040 0.185341 0.003906 0.005373
0 0.238621 0.400411 0.003906 0.005373
0 0.699258 0.232124 0.003906 0.005373
0 0.251987 0.322501 0.003906 0.005373
0 0.301735 0.227527 0.003906 0.005373
0 0.226272 0.585639 0.003906 0.005373
0 0.651758 0.824854 0.003906 0.005373
0 0.292347 0.763981 0.003906 0.005373
0 0.487757 0.889712 0.003906 0.005373
0 0.511363 0.095214 0.003906 0.005373
0 0.710471 0.789696 0.003906 0.005373
0 0.256409 0.253566 0.003906 0.005373
0 0.227952 0.710528 0.003906 0.005373
0 0.380305 0.098706 0.003906 0.005373
0 0.180696 0.419785 0.003906 0.005373
0 0.814874 0.611655 0.003906 0.005373
0 0.174604 0.531774 0.003906 0.005373
0 0.188964 0.642069 0.003906 0.005373
0 0.826837 0.447648 0.003906 0.005373
0 0.168728 0.449479 0.003906 0.005373
0 0.783975 0.746186 0.003906 0.005373
0 0.820799 0.347686 0.003906 0.005373
0 0.177348 0.645796 0.003906 0.005373
0 0.642924 0.075365 0.003906 0.005373
0 0.690832 0.888178 0.003906 0.005373
0 0.489508 0.969828 0.003906 0.005373
0 0.259076 0.155768 0.003906 0.005373
0 0.159391 0.600937 0.003906 0.005373
0 0.131371 0.597428 0.003906 0.005373
0 0.123267 0.470804 0.003906 0.005373
0 0.875824 0.389693 0.003906 0.005373
0 0.764051 0.891795 0.003906 0.005373
0 0.136988 0.291360 0.003906 0.005373
0 0.266946 0.035274 0.003906 0.005373
0 0.290678 0.994331 0.003906 0.005373
0 0.098409 0.293298 0.003906 0.005373
0 0.868719 0.190094 0.003906 0.005373
0 0.931897 0.573287 0.003906 0.005373
0 0.851560 0.146848 0.003906 0.005373
0 0.073604 0.350357 0.003906 0.005373
0 0.114570 0.206149 0.003906 0.005373
0 0.195063 0.052877 0.003906 0.005373
0 0.807716 0.947943 0.003906 0.005373
0 0.942346 0.373484 0.003906 0.005373
0 0.088573 0.761392 0.003906 0.005373
0 0.949976 0.607936 0.003906 0.005373
0 0.956167 0.428372 0.003906 0.005373
0 0.102229 0.828069 0.003906 0.005373
0 0.155081 0.061947 0.003906 0.005373
0 0.029598 0.480210 0.003906 0.005373
0 0.847765 0.058465 0.003906 0.005373
0 0.021226 0.642409 0.003906 0.005373
0 0.029387 0.306471 0.003906 0.005373
0 0.992906 0.364714 0.003906 0.005373
0 0.886468 0.950289 0.003906 0.005373
0 0.919500 0.104464 0.003906 0.005373
0 0.915051 0.049900 0.003906 0.005373
0 0.087072 0.046402 0.003906 0.005373
0 0.028716 0.126172 0.003906 0.005373
