0 0.564031 0.496851 0.003906 0.005373
0 0.540338 0.404364 0.003906 0.005373
0 0.453736 0.406801 0.003906 0.005373
0 0.402243 0.592185 0.003906 0.005373
0 0.578116 0.303478 0.003906 0.005373
0 0.313358 0.438268 0.003906 0.005373
0 0.686936 0.582993 0.003906 0.005373
0 0.407080 0.195417 0.003906 0.005373
0 0.599439 0.798894 0.003906 0.005373
0 0.666047 0.305805 0.003906 0.005373
0 0.299927 0.432931 0.003906 0.005373
0 0.484232 0.873083 0.003906 0.005373
0 0.621036 0.808021 0.003906 0.005373
0 0.708249 0.644223 0.003906 0.005373
0 0.376079 0.886506 0.003906 0.005373
0 0.676032 0.863981 0.003906 0.005373
0 0.363435 0.078474 0.003906 0.005373
0 0.646619 0.086110 0.003906 0.005373
0 0.781436 0.490851 0.003906 0.005373
0 0.601778 0.972601 0.003906 0.005373
0 0.671495 0.915030 0.003906 0.005373
0 0.773955 0.674758 0.003906 0.005373
0 0.774249 0.686015 0.003906 0.005373
0 0.286075 0.135416 0.003906 0.005373
0 0.636319 0.012436 0.003906 0.005373
0 0.663366 0.959041 0.003906 0.005373
0 0.650930 0.980005 0.003906 0.005373
0 0.278388 0.108269 0.003906 0.005373
0 0.231784 0.818679 0.003906 0.005373
0 0.791534 0.231128 0.003906 0.005373
0 0.828417 0.481064 0.003906 0.005373
0 0.275479 0.010773 0.003906 0.005373
0 0.762585 0.933541 0.003906 0.005373
0 0.867181 0.560674 0.003906 0.005373
0 0.149597 0.866403 0.003906 0.005373
0 0.111293 0.730421 0.003906 0.005373
0 0.906145 0.639081 0.003906 0.005373
0 0.071800 0.534556 0.003906 0.005373
0 0.927015 0.577832 0.003906 0.005373
0 0.931498 0.616631 0.003906 0.005373
0 0.933374 0.618627 0.003906 0.005373
0 0.958672 0.279434 0.003906 0.005373
0 0.930973 0.883734 0.003906 0.005373
0 0.016398 0.441677 0.003906 0.005373
0 0.029811 0.735758 0.003906 0.005373
0 0.987353 0.551321 0.003906 0.005373
0 0.983679 0.744240 0.003906 0.005373
