0 0.471768 0.492228 0.003906 0.005373
0 0.486642 0.537628 0.003906 0.005373
0 0.507230 0.598777 0.003906 0.005373
0 0.558432 0.577618 0.003906 0.005373
0 0.520424 0.622586 0.003906 0.005373
0 0.525162 0.654918 0.003906 0.005373
0 0.530837 0.661666 0.003906 0.005373
0 0.455965 0.677453 0.003906 0.005373
0 0.624183 0.363828 0.003906 0.005373
0 0.635361 0.369021 0.003906 0.005373
0 0.442725 0.284496 0.003906 0.005373
0 0.677191 0.502203 0.003906 0.005373
0 0.624902 0.300018 0.003906 0.005373
0 0.632215 0.305510 0.003906 0.005373
0 0.330035 0.633359 0.003906 0.005373
0 0.428701 0.770983 0.003906 0.005373
0 0.361973 0.271981 0.003906 0.005373
0 0.600330 0.222140 0.003906 0.005373
0 0.621689 0.233599 0.003906 0.005373
0 0.600130 0.782851 0.003906 0.005373
0 0.396119 0.217449 0.003906 0.005373
0 0.500396 0.174613 0.003906 0.005373
0 0.712001 0.339865 0.003906 0.005373
0 0.608377 0.190587 0.003906 0.005373
0 0.580599 0.829396 0.003906 0.005373
0 0.524702 0.865502 0.003906 0.005373
0 0.765090 0.441177 0.003906 0.005373
0 0.624264 0.830806 0.003906 0.005373
0 0.316724 0.778793 0.003906 0.005373
0 0.760803 0.619060 0.003906 0.005373
0 0.235299 0.356524 0.003906 0.005373
0 0.237498 0.679192 0.003906 0.005373
0 0.440159 0.939520 0.003906 0.005373
0 0.267967 0.818788 0.003906 0.005373
0 0.831928 0.597064 0.003906 0.005373
0 0.793359 0.735799 0.003906 0.005373
0 0.221337 0.224896 0.003906 0.005373
0 0.157325 0.560996 0.003906 0.005373
0 0.784826 0.229343 0.003906 0.005373
0 0.736838 0.142716 0.003906 0.005373
0 0.321982 0.919520 0.003906 0.005373
0 0.855304 0.536151 0.003906 0.005373
0 0.854417 0.377323 0.003906 0.005373
0 0.136765 0.429399 0.003906 0.005373
0 0.174647 0.262860 0.003906 0.005373
0 0.672474 0.949927 0.003906 0.005373
0 0.177221 0.245062 0.003906 0.005373
0 0.378320 0.004232 0.003906 0.005373
0 0.172587 0.224691 0.003906 0.005373
0 0.167093 0.229539 0.003906 0.005373
0 0.653767 0.009327 0.003906 0.005373
0 0.805695 0.161750 0.003906 0.005373
0 0.727518 0.948429 0.003906 0.005373
0 0.684183 0.001907 0.003906 0.005373
0 0.132480 0.240499 0.003906 0.005373
0 0.714134 0.007552 0.003906 0.005373
0 0.903431 0.745032 0.003906 0.005373
0 0.212134 0.032124 0.003906 0.005373
0 0.827742 0.078584 0.003906 0.005373
0 0.885798 0.831818 0.003906 0.005373
0 0.154157 0.092246 0.003906 0.005373
0 0.924299 0.235714 0.003906 0.005373
0 0.805782 0.992510 0.003906 0.005373
0 0.971377 0.487375 0.003906 0.005373
0 0.138181 0.083571 0.003906 0.005373
0 0.973294 0.618305 0.003906 0.005373
0 0.114508 0.901809 0.003906 0.005373
0 0.903460 0.899275 0.003906 0.005373
0 0.905638 0.898894 0.003906 0.005373
0 0.938215 0.162584 0.003906 0.005373
0 0.915901 0.893306 0.003906 0.005373
0 0.034922 0.801661 0.003906 0.005373
0 0.011093 0.280541 0.003906 0.005373
0 0.882491 0.974807 0.003906 0.005373
0 0.906408 0.960377 0.003906 0.005373
0 0.893396 0.988985 0.003906 0.005373
0 0.003155 0.765595 0.003906 0.005373
0 0.988351 0.832554 0.003906 0.005373
0 0.950691 0.970294 0.003906 0.005373
0 0.019722 0.975867 0.003906 0.005373
