0 0.541309 0.506114 0.003906 0.005373
0 0.542458 0.443555 0.003906 0.005373
0 0.426846 0.507069 0.003906 0.005373
0 0.415874 0.574316 0.003906 0.005373
0 0.547571 0.647486 0.003906 0.005373
0 0.620686 0.679837 0.003906 0.005373
0 0.683684 0.498462 0.003906 0.005373
0 0.567073 0.259381 0.003906 0.005373
0 0.588423 0.244867 0.003906 0.005373
0 0.718368 0.536697 0.003906 0.005373
0 0.720304 0.474020 0.003906 0.005373
0 0.493443 0.191216 0.003906 0.005373
0 0.554533 0.199983 0.003906 0.005373
0 0.489564 0.827743 0.003906 0.005373
0 0.702110 0.679252 0.003906 0.005373
0 0.389197 0.178836 0.003906 0.005373
0 0.620771 0.825641 0.003906 0.005373
0 0.748050 0.333421 0.003906 0.005373
0 0.222392 0.450141 0.003906 0.005373
0 0.740343 0.254614 0.003906 0.005373
0 0.425038 0.101390 0.003906 0.005373
0 0.557320 0.080920 0.003906 0.005373
0 0.657497 0.883813 0.003906 0.005373
0 0.607305 0.930068 0.003906 0.005373
0 0.179032 0.329152 0.003906 0.005373
0 0.735278 0.153841 0.003906 0.005373
0 0.828493 0.651732 0.003906 0.005373
0 0.800260 0.246602 0.003906 0.005373
0 0.804911 0.252971 0.003906 0.005373
0 0.507457 0.991387 0.003906 0.005373
0 0.174745 0.705425 0.003906 0.005373
0 0.160085 0.683349 0.003906 0.005373
0 0.142214 0.675134 0.003906 0.005373
0 0.251452 0.909156 0.003906 0.005373
0 0.257267 0.960079 0.003906 0.005373
0 0.133775 0.226119 0.003906 0.005373
0 0.211148 0.082344 0.003906 0.005373
0 0.087823 0.671298 0.003906 0.005373
0 0.156195 0.861501 0.003906 0.005373
0 0.842197 0.125633 0.003906 0.005373
0 0.039919 0.475083 0.003906 0.005373
0 0.032590 0.420871 0.003906 0.005373
0 0.957640 0.674014 0.003906 0.005373
0 0.825474 0.021947 0.003906 0.005373
0 0.015590 0.591484 0.003906 0.005373
0 0.940398 0.844997 0.003906 0.005373
0 0.035991 0.823862 0.003906 0.005373
0 0.022521 0.001206 0.003906 0.005373
