0 0.468866 0.491684 0.003906 0.005373
0 0.445909 0.614691 0.003906 0.005373
0 0.515611 0.346006 0.003906 0.005373
0 0.600112 0.623117 0.003906 0.005373
0 0.371690 0.445430 0.003906 0.005373
0 0.371530 0.569776 0.003906 0.005373
0 0.381077 0.372797 0.003906 0.005373
0 0.376645 0.619635 0.003906 0.005373
0 0.575943 0.681519 0.003906 0.005373
0 0.532930 0.712513 0.003906 0.005373
0 0.477951 0.273311 0.003906 0.005373
0 0.449013 0.718468 0.003906 0.005373
0 0.533126 0.274832 0.003906 0.005373
0 0.669090 0.507488 0.003906 0.005373
0 0.333528 0.543941 0.003906 0.005373
0 0.618022 0.678654 0.003906 0.005373
0 0.529646 0.251512 0.003906 0.005373
0 0.316502 0.457179 0.003906 0.005373
0 0.295652 0.474101 0.003906 0.005373
0 0.685561 0.635787 0.003906 0.005373
0 0.317160 0.691334 0.003906 0.005373
0 0.325542 0.284995 0.003906 0.005373
0 0.385271 0.793336 0.003906 0.005373
0 0.361580 0.775358 0.003906 0.005373
0 0.692430 0.294248 0.003906 0.005373
0 0.406617 0.810580 0.003906 0.005373
0 0.707054 0.309266 0.003906 0.005373
0 0.304089 0.712318 0.003906 0.005373
0 0.493432 0.843488 0.003906 0.005373
0 0.616175 0.814195 0.003906 0.005373
0 0.574791 0.849953 0.003906 0.005373
0 0.628068 0.820860 0.003906 0.005373
0 0.637245 0.840274 0.003906 0.005373
0 0.336482 0.170769 0.003906 0.005373
0 0.791027 0.571609 0.003906 0.005373
0 0.431295 0.076428 0.003906 0.005373
0 0.342347 0.115835 0.003906 0.005373
0 0.360399 0.102447 0.003906 0.005373
0 0.365429 0.099095 0.003906 0.005373
0 0.821200 0.462208 0.003906 0.005373
0 0.797592 0.322452 0.003906 0.005373
0 0.749299 0.212502 0.003906 0.005373
0 0.269038 0.185009 0.003906 0.005373
0 0.800987 0.322810 0.003906 0.005373
0 0.202016 0.255968 0.003906 0.005373
0 0.231598 0.196387 0.003906 0.005373
0 0.375248 0.052431 0.003906 0.005373
0 0.181452 0.701983 0.003906 0.005373
0 0.643890 0.052582 0.003906 0.005373
0 0.857923 0.497865 0.003906 0.005373
0 0.858521 0.496926 0.003906 0.005373
0 0.711939 0.102346 0.003906 0.005373
0 0.811301 0.253113 0.003906 0.005373
0 0.811676 0.254007 0.003906 0.005373
0 0.620669 0.972135 0.003906 0.005373
0 0.373110 0.969551 0.003906 0.005373
0 0.209094 0.195163 0.003906 0.005373
0 0.726245 0.069499 0.003906 0.005373
0 0.800718 0.115804 0.003906 0.005373
0 0.838199 0.175802 0.003906 0.005373
0 0.731809 0.006853 0.003906 0.005373
0 0.792084 0.067243 0.003906 0.005373
0 0.234853 0.033121 0.003906 0.005373
0 0.170867 0.895833 0.003906 0.005373
0 0.937235 0.530791 0.003906 0.005373
0 0.937828 0.503306 0.003906 0.005373
0 0.939576 0.380224 0.003906 0.005373
0 0.085214 0.767536 0.003906 0.005373
0 0.823364 0.946354 0.003906 0.005373
0 0.806446 0.968737 0.003906 0.005373
0 0.885918 0.130513 0.003906 0.005373
0 0.089236 0.181893 0.003906 0.005373
0 0.176973 0.017139 0.003906 0.005373
0 0.910553 0.157585 0.003906 0.005373
0 0.844898 0.039990 0.003906 0.005373
0 0.016231 0.431608 0.003906 0.005373
0 0.021722 0.343576 0.003906 0.005373
0 0.972565 0.723363 0.003906 0.005373
0 0.128431 0.029938 0.003906 0.005373
0 0.998177 0.348989 0.003906 0.005373
0 0.994757 0.792133 0.003906 0.005373
0 0.030128 0.115847 0.003906 0.005373
0 0.060472 0.014185 0.003906 0.005373
0 0.989342 0.983417 0.003906 0.005373
