0 0.490861 0.495930 0.003906 0.005373
0 0.483788 0.577901 0.003906 0.005373
0 0.579568 0.479625 0.003906 0.005373
0 0.552424 0.599861 0.003906 0.005373
0 0.504308 0.374254 0.003906 0.005373
0 0.594505 0.511236 0.003906 0.005373
0 0.562281 0.602130 0.003906 0.005373
0 0.460213 0.643946 0.003906 0.005373
0 0.508414 0.323805 0.003906 0.005373
0 0.474019 0.695372 0.003906 0.005373
0 0.309783 0.488248 0.003906 0.005373
0 0.506770 0.228092 0.003906 0.005373
0 0.632992 0.705794 0.003906 0.005373
0 0.669901 0.343309 0.003906 0.005373
0 0.454458 0.810738 0.003906 0.005373
0 0.332413 0.767157 0.003906 0.005373
0 0.760949 0.453077 0.003906 0.005373
0 0.763368 0.555579 0.003906 0.005373
0 0.615584 0.162960 0.003906 0.005373
0 0.772082 0.525896 0.003906 0.005373
0 0.727975 0.271603 0.003906 0.005373
0 0.304977 0.800397 0.003906 0.005373
0 0.539423 0.096632 0.003906 0.005373
0 0.724705 0.231748 0.003906 0.005373
0 0.398428 0.112701 0.003906 0.005373
0 0.799824 0.519561 0.003906 0.005373
0 0.599930 0.891020 0.003906 0.005373
0 0.574932 0.087288 0.003906 0.005373
0 0.570400 0.915769 0.003906 0.005373
0 0.189625 0.518734 0.003906 0.005373
0 0.311587 0.859344 0.003906 0.005373
0 0.421108 0.065173 0.003906 0.005373
0 0.716608 0.160998 0.003906 0.005373
0 0.815535 0.655662 0.003906 0.005373
0 0.256963 0.181936 0.003906 0.005373
0 0.286829 0.858714 0.003906 0.005373
0 0.181065 0.345455 0.003906 0.005373
0 0.231036 0.203012 0.003906 0.005373
0 0.762673 0.187913 0.003906 0.005373
0 0.552622 0.026469 0.003906 0.005373
0 0.252689 0.841506 0.003906 0.005373
0 0.508743 0.007497 0.003906 0.005373
0 0.362285 0.034034 0.003906 0.005373
0 0.248932 0.130581 0.003906 0.005373
0 0.653695 0.027209 0.003906 0.005373
0 0.852747 0.708529 0.003906 0.005373
0 0.880590 0.420867 0.003906 0.005373
0 0.127071 0.660458 0.003906 0.005373
0 0.713229 0.957140 0.003906 0.005373
0 0.337474 0.999514 0.003906 0.005373
0 0.094711 0.468939 0.003906 0.005373
0 0.740429 0.958299 0.003906 0.005373
0 0.164208 0.165066 0.003906 0.005373
0 0.805541 0.891892 0.003906 0.005373
0 0.212136 0.918759 0.003906 0.005373
0 0.128907 0.228973 0.003906 0.005373
0 0.884074 0.261576 0.003906 0.005373
0 0.891049 0.282932 0.003906 0.005373
0 0.102231 0.695641 0.003906 0.005373
0 0.078560 0.599746 0.003906 0.005373
0 0.083389 0.338261 0.003906 0.005373
0 0.090139 0.702439 0.003906 0.005373
0 0.083491 0.678190 0.003906 0.005373
0 0.918130 0.278226 0.003906 0.005373
0 0.125040 0.857583 0.003906 0.005373
0 0.918514 0.246359 0.003906 0.005373
0 0.063338 0.280002 0.003906 0.005373
0 0.083611 0.175499 0.003906 0.005373
0 0.923602 0.182046 0.003906 0.005373
0 0.942897 0.803789 0.003906 0.005373
0 0.072501 0.856377 0.003906 0.005373
0 0.944944 0.185313 0.003906 0.005373
0 0.994927 0.327154 0.003906 0.005373
0 0.091506 0.067979 0.003906 0.005373
0 0.046658 0.857357 0.003906 0.005373
0 0.030331 0.179440 0.003906 0.005373
0 0.889686 0.995525 0.003906 0.005373
0 0.998000 0.952328 0.003906 0.005373
