0 0.447437 0.536824 0.003906 0.005373
0 0.471021 0.592507 0.003906 0.005373
0 0.540739 0.368673 0.003906 0.005373
0 0.462465 0.363912 0.003906 0.005373
0 0.486089 0.650439 0.003906 0.005373
0 0.624415 0.499881 0.003906 0.005373
0 0.583166 0.369070 0.003906 0.005373
0 0.475076 0.325313 0.003906 0.005373
0 0.408001 0.636257 0.003906 0.005373
0 0.411744 0.357278 0.003906 0.005373
0 0.397067 0.630242 0.003906 0.005373
0 0.356425 0.574449 0.003906 0.005373
0 0.456310 0.295430 0.003906 0.005373
0 0.537294 0.285624 0.003906 0.005373
0 0.661462 0.512137 0.003906 0.005373
0 0.420012 0.723894 0.003906 0.005373
0 0.556497 0.766574 0.003906 0.005373
0 0.420644 0.235734 0.003906 0.005373
0 0.277056 0.448317 0.003906 0.005373
0 0.688823 0.295093 0.003906 0.005373
0 0.733424 0.371469 0.003906 0.005373
0 0.320438 0.745569 0.003906 0.005373
0 0.309801 0.757866 0.003906 0.005373
0 0.228471 0.575313 0.003906 0.005373
0 0.210204 0.467941 0.003906 0.005373
0 0.379252 0.127824 0.003906 0.005373
0 0.291526 0.804716 0.003906 0.005373
0 0.327543 0.138969 0.003906 0.005373
0 0.345911 0.113587 0.003906 0.005373
0 0.823801 0.557796 0.003906 0.005373
0 0.822574 0.591138 0.003906 0.005373
0 0.830383 0.548724 0.003906 0.005373
0 0.760560 0.783704 0.003906 0.005373
0 0.778578 0.244649 0.003906 0.005373
0 0.182251 0.308381 0.003906 0.005373
0 0.729224 0.140843 0.003906 0.005373
0 0.750799 0.830915 0.003906 0.005373
0 0.805957 0.751145 0.003906 0.005373
0 0.854098 0.425387 0.003906 0.005373
0 0.621268 0.028534 0.003906 0.005373
0 0.402820 0.993521 0.003906 0.005373
0 0.125562 0.472501 0.003906 0.005373
0 0.119309 0.550835 0.003906 0.005373
0 0.114077 0.568255 0.003906 0.005373
0 0.094440 0.479751 0.003906 0.005373
0 0.818440 0.144753 0.003906 0.005373
0 0.273152 0.973490 0.003906 0.005373
0 0.272561 0.973472 0.003906 0.005373
0 0.730020 0.972237 0.003906 0.005373
0 0.773875 0.049424 0.003906 0.005373
0 0.068744 0.533685 0.003906 0.005373
0 0.210347 0.049157 0.003906 0.005373
0 0.941626 0.385030 0.003906 0.005373
0 0.069865 0.305827 0.003906 0.005373
0 0.107641 0.187212 0.003906 0.005373
0 0.911386 0.233898 0.003906 0.005373
0 0.191240 0.020977 0.003906 0.005373
0 0.099656 0.828273 0.003906 0.005373
0 0.965678 0.441684 0.003906 0.005373
0 0.875591 0.887474 0.003906 0.005373
0 0.900299 0.846976 0.003906 0.005373
0 0.048118 0.697476 0.003906 0.005373
0 0.974748 0.534173 0.003906 0.005373
0 0.042484 0.690552 0.003906 0.005373
0 0.149635 0.994059 0.003906 0.005373
0 0.982038 0.240756 0.003906 0.005373
0 0.095179 0.044124 0.003906 0.005373
0 0.977514 0.151767 0.003906 0.005373
0 0.910030 0.994339 0.003906 0.005373
0 0.960120 0.073425 0.003906 0.005373
0 0.961787 0.072922 0.003906 0.005373
0 0.966357 0.082156 0.003906 0.005373
0 0.961862 0.040031 0.003906 0.005373
