0 0.525707 0.524795 0.003906 0.005373
0 0.629513 0.520022 0.003906 0.005373
0 0.615981 0.400192 0.003906 0.005373
0 0.639423 0.399177 0.003906 0.005373
0 0.318868 0.498761 0.003906 0.005373
0 0.505543 0.239701 0.003906 0.005373
0 0.683940 0.632967 0.003906 0.005373
0 0.706537 0.583099 0.003906 0.005373
0 0.621364 0.747990 0.003906 0.005373
0 0.719990 0.537402 0.003906 0.005373
0 0.399023 0.774858 0.003906 0.005373
0 0.293731 0.660406 0.003906 0.005373
0 0.582024 0.831947 0.003906 0.005373
0 0.265186 0.335359 0.003906 0.005373
0 0.276821 0.740567 0.003906 0.005373
0 0.272326 0.734636 0.003906 0.005373
0 0.648165 0.836792 0.003906 0.005373
0 0.677171 0.814893 0.003906 0.005373
0 0.295102 0.204855 0.003906 0.005373
0 0.426871 0.906055 0.003906 0.005373
0 0.797801 0.372786 0.003906 0.005373
0 0.798283 0.371312 0.003906 0.005373
0 0.410438 0.087153 0.003906 0.005373
0 0.498500 0.931890 0.003906 0.005373
0 0.316808 0.146729 0.003906 0.005373
0 0.742420 0.189999 0.003906 0.005373
0 0.343018 0.913752 0.003906 0.005373
0 0.821456 0.345968 0.003906 0.005373
0 0.462294 0.976551 0.003906 0.005373
0 0.177961 0.688526 0.003906 0.005373
0 0.477986 0.983351 0.003906 0.005373
0 0.854891 0.525920 0.003906 0.005373
0 0.151299 0.373199 0.003906 0.005373
0 0.817911 0.254713 0.003906 0.005373
0 0.856577 0.626681 0.003906 0.005373
0 0.868708 0.494328 0.003906 0.005373
0 0.869669 0.576966 0.003906 0.005373
0 0.836161 0.753680 0.003906 0.005373
0 0.208343 0.135101 0.003906 0.005373
0 0.904616 0.640989 0.003906 0.005373
0 0.913972 0.686744 0.003906 0.005373
0 0.839058 0.102434 0.003906 0.005373
0 0.906426 0.230739 0.003906 0.005373
0 0.907694 0.231186 0.003906 0.005373
0 0.801326 0.969711 0.003906 0.005373
0 0.861906 0.118381 0.003906 0.005373
0 0.964764 0.596246 0.003906 0.005373
0 0.973973 0.404887 0.003906 0.005373
0 0.048541 0.723226 0.003906 0.005373
0 0.971366 0.647247 0.003906 0.005373
0 0.936827 0.206930 0.003906 0.005373
0 0.111288 0.905930 0.003906 0.005373
0 0.937887 0.829188 0.003906 0.005373
0 0.006956 0.393565 0.003906 0.005373
0 0.004202 0.665270 0.003906 0.005373
0 0.993396 0.684921 0.003906 0.005373
0 0.076498 0.063376 0.003906 0.005373
0 0.901997 0.012498 0.003906 0.005373
