0 0.486530 0.450574 0.003906 0.005373
0 0.428244 0.426658 0.003906 0.005373
0 0.489960 0.355262 0.003906 0.005373
0 0.629123 0.468938 0.003906 0.005373
0 0.405856 0.639468 0.003906 0.005373
0 0.445063 0.321313 0.003906 0.005373
0 0.645218 0.513820 0.003906 0.005373
0 0.362756 0.432855 0.003906 0.005373
0 0.589513 0.658228 0.003906 0.005373
0 0.643882 0.379443 0.003906 0.005373
0 0.621086 0.303341 0.003906 0.005373
0 0.333628 0.618742 0.003906 0.005373
0 0.685849 0.455556 0.003906 0.005373
0 0.669321 0.627675 0.003906 0.005373
0 0.311185 0.585328 0.003906 0.005373
0 0.622153 0.716129 0.003906 0.005373
0 0.732691 0.519435 0.003906 0.005373
0 0.601613 0.835474 0.003906 0.005373
0 0.722801 0.289534 0.003906 0.005373
0 0.781524 0.517287 0.003906 0.005373
0 0.455541 0.906649 0.003906 0.005373
0 0.746839 0.260929 0.003906 0.005373
0 0.512091 0.080427 0.003906 0.005373
0 0.672332 0.140861 0.003906 0.005373
0 0.730051 0.797531 0.003906 0.005373
0 0.226592 0.733293 0.003906 0.005373
0 0.462601 0.942734 0.003906 0.005373
0 0.701447 0.850518 0.003906 0.005373
0 0.307023 0.873566 0.003906 0.005373
0 0.282630 0.152710 0.003906 0.005373
0 0.166746 0.449828 0.003906 0.005373
0 0.164684 0.557946 0.003906 0.005373
0 0.282388 0.142780 0.003906 0.005373
0 0.796911 0.732662 0.003906 0.005373
0 0.829576 0.371227 0.003906 0.005373
0 0.161343 0.612686 0.003906 0.005373
0 0.153157 0.579087 0.003906 0.005373
0 0.833212 0.344751 0.003906 0.005373
0 0.171606 0.701765 0.003906 0.005373
0 0.863631 0.605509 0.003906 0.005373
0 0.122810 0.380052 0.003906 0.005373
0 0.258072 0.072149 0.003906 0.005373
0 0.258769 0.071095 0.003906 0.005373
0 0.107193 0.446945 0.003906 0.005373
0 0.149188 0.244810 0.003906 0.005373
0 0.304478 0.017994 0.003906 0.005373
0 0.899978 0.576098 0.003906 0.005373
0 0.165099 0.816453 0.003906 0.005373
0 0.898373 0.670440 0.003906 0.005373
0 0.090325 0.377014 0.003906 0.005373
0 0.169852 0.866640 0.003906 0.005373
0 0.105357 0.717706 0.003906 0.005373
0 0.927601 0.456303 0.003906 0.005373
0 0.827353 0.107360 0.003906 0.005373
0 0.062796 0.371684 0.003906 0.005373
0 0.118470 0.822763 0.003906 0.005373
0 0.076032 0.706253 0.003906 0.005373
0 0.057195 0.385583 0.003906 0.005373
0 0.952217 0.522162 0.003906 0.005373
0 0.049102 0.407012 0.003906 0.005373
0 0.883164 0.849316 0.003906 0.005373
0 0.071208 0.752486 0.003906 0.005373
0 0.133277 0.907531 0.003906 0.005373
0 0.861947 0.080040 0.003906 0.005373
0 0.067673 0.233265 0.003906 0.005373
0 0.164458 0.966674 0.003906 0.005373
0 0.828271 0.016663 0.003906 0.005373
0 0.929539 0.202278 0.003906 0.005373
0 0.931058 0.842000 0.003906 0.005373
0 0.117750 0.999369 0.003906 0.005373
0 0.956148 0.130969 0.003906 0.005373
0 0.922645 0.023725 0.003906 0.005373
0 0.999815 0.159776 0.003906 0.005373
0 0.032244 0.918430 0.003906 0.005373
0 0.968502 0.916470 0.003906 0.005373
0 0.970053 0.070816 0.003906 0.005373
0 0.021814 0.912884 0.003906 0.005373
0 0.033281 0.014911 0.003906 0.005373
