0 0.497098 0.525772 0.003906 0.005373
0 0.499776 0.613780 0.003906 0.005373
0 0.553135 0.589755 0.003906 0.005373
0 0.610316 0.494030 0.003906 0.005373
0 0.414328 0.395908 0.003906 0.005373
0 0.411711 0.357502 0.003906 0.005373
0 0.527893 0.315630 0.003906 0.005373
0 0.594124 0.335704 0.003906 0.005373
0 0.513574 0.276282 0.003906 0.005373
0 0.334306 0.598915 0.003906 0.005373
0 0.593756 0.722431 0.003906 0.005373
0 0.638153 0.326166 0.003906 0.005373
0 0.690835 0.497850 0.003906 0.005373
0 0.686594 0.425814 0.003906 0.005373
0 0.337877 0.289517 0.003906 0.005373
0 0.728684 0.480521 0.003906 0.005373
0 0.266634 0.504979 0.003906 0.005373
0 0.299495 0.330734 0.003906 0.005373
0 0.584492 0.193426 0.003906 0.005373
0 0.739476 0.492929 0.003906 0.005373
0 0.355737 0.784586 0.003906 0.005373
0 0.475157 0.874995 0.003906 0.005373
0 0.774117 0.552400 0.003906 0.005373
0 0.233434 0.377269 0.003906 0.005373
0 0.641852 0.147176 0.003906 0.005373
0 0.644927 0.851582 0.003906 0.005373
0 0.401151 0.889563 0.003906 0.005373
0 0.767713 0.298447 0.003906 0.005373
0 0.189466 0.464915 0.003906 0.005373
0 0.186038 0.466133 0.003906 0.005373
0 0.488482 0.055600 0.003906 0.005373
0 0.444611 0.057633 0.003906 0.005373
0 0.197271 0.679999 0.003906 0.005373
0 0.749936 0.810359 0.003906 0.005373
0 0.795801 0.276467 0.003906 0.005373
0 0.169439 0.627992 0.003906 0.005373
0 0.192510 0.232262 0.003906 0.005373
0 0.780010 0.855036 0.003906 0.005373
0 0.882838 0.484990 0.003906 0.005373
0 0.130041 0.319534 0.003906 0.005373
0 0.795295 0.120059 0.003906 0.005373
0 0.122537 0.761031 0.003906 0.005373
0 0.915093 0.385858 0.003906 0.005373
0 0.916565 0.363319 0.003906 0.005373
0 0.896289 0.256717 0.003906 0.005373
0 0.119681 0.796964 0.003906 0.005373
0 0.078747 0.673971 0.003906 0.005373
0 0.774104 0.976023 0.003906 0.005373
0 0.860909 0.857837 0.003906 0.005373
0 0.043414 0.345591 0.003906 0.005373
0 0.101260 0.863825 0.003906 0.005373
0 0.950053 0.744618 0.003906 0.005373
0 0.018983 0.671756 0.003906 0.005373
0 0.057187 0.819439 0.003906 0.005373
0 0.969018 0.881043 0.003906 0.005373
0 0.001650 0.827813 0.003906 0.005373
0 0.009702 0.923495 0.003906 0.005373
0 0.997236 0.919315 0.003906 0.005373
