0 0.460272 0.624916 0.003906 0.005373
0 0.585735 0.413869 0.003906 0.005373
0 0.420201 0.388151 0.003906 0.005373
0 0.382458 0.522931 0.003906 0.005373
0 0.611405 0.419742 0.003906 0.005373
0 0.396281 0.641436 0.003906 0.005373
0 0.430053 0.706128 0.003906 0.005373
0 0.339728 0.400839 0.003906 0.005373
0 0.669093 0.409530 0.003906 0.005373
0 0.421855 0.734637 0.003906 0.005373
0 0.419387 0.734813 0.003906 0.005373
0 0.456272 0.244478 0.003906 0.005373
0 0.306839 0.403786 0.003906 0.005373
0 0.599735 0.795147 0.003906 0.005373
0 0.593107 0.802805 0.003906 0.005373
0 0.237011 0.468462 0.003906 0.005373
0 0.288914 0.269254 0.003906 0.005373
0 0.409319 0.146428 0.003906 0.005373
0 0.217950 0.399811 0.003906 0.005373
0 0.223850 0.656199 0.003906 0.005373
0 0.440543 0.911370 0.003906 0.005373
0 0.507467 0.077365 0.003906 0.005373
0 0.675598 0.884111 0.003906 0.005373
0 0.331050 0.903524 0.003906 0.005373
0 0.811829 0.317342 0.003906 0.005373
0 0.202842 0.255828 0.003906 0.005373
0 0.196285 0.266273 0.003906 0.005373
0 0.733478 0.141085 0.003906 0.005373
0 0.228319 0.813051 0.003906 0.005373
0 0.723166 0.892711 0.003906 0.005373
0 0.607318 0.016035 0.003906 0.005373
0 0.859898 0.289582 0.003906 0.005373
0 0.323542 0.990325 0.003906 0.005373
0 0.824051 0.179240 0.003906 0.005373
0 0.882810 0.685568 0.003906 0.005373
0 0.802168 0.127023 0.003906 0.005373
0 0.257279 0.046061 0.003906 0.005373
0 0.192416 0.104743 0.003906 0.005373
0 0.887982 0.220505 0.003906 0.005373
0 0.946102 0.532889 0.003906 0.005373
0 0.826552 0.934979 0.003906 0.005373
0 0.966403 0.446344 0.003906 0.005373
0 0.067910 0.250544 0.003906 0.005373
0 0.926918 0.773744 0.003906 0.005373
0 0.026448 0.552217 0.003906 0.005373
0 0.033273 0.648766 0.003906 0.005373
0 0.062364 0.151578 0.003906 0.005373
0 0.005764 0.795366 0.003906 0.005373
