0 0.500936 0.602035 0.003906 0.005373
0 0.601111 0.489585 0.003906 0.005373
0 0.418377 0.403382 0.003906 0.005373
0 0.393197 0.475268 0.003906 0.005373
0 0.624237 0.496445 0.003906 0.005373
0 0.421500 0.653605 0.003906 0.005373
0 0.394581 0.341597 0.003906 0.005373
0 0.454314 0.288626 0.003906 0.005373
0 0.486176 0.275826 0.003906 0.005373
0 0.679760 0.357291 0.003906 0.005373
0 0.479393 0.796473 0.003906 0.005373
0 0.713696 0.547804 0.003906 0.005373
0 0.657800 0.726227 0.003906 0.005373
0 0.278854 0.627820 0.003906 0.005373
0 0.307095 0.297471 0.003906 0.005373
0 0.618383 0.801941 0.003906 0.005373
0 0.262370 0.381196 0.003906 0.005373
0 0.749385 0.613823 0.003906 0.005373
0 0.750081 0.612675 0.003906 0.005373
0 0.419536 0.145355 0.003906 0.005373
0 0.765237 0.623531 0.003906 0.005373
0 0.564262 0.123280 0.003906 0.005373
0 0.288853 0.757493 0.003906 0.005373
0 0.603138 0.862170 0.003906 0.005373
0 0.671598 0.876392 0.003906 0.005373
0 0.184069 0.387619 0.003906 0.005373
0 0.202343 0.693108 0.003906 0.005373
0 0.225762 0.784652 0.003906 0.005373
0 0.159787 0.597353 0.003906 0.005373
0 0.570041 0.024440 0.003906 0.005373
0 0.727298 0.115504 0.003906 0.005373
0 0.737338 0.122898 0.003906 0.005373
0 0.863644 0.478781 0.003906 0.005373
0 0.180842 0.216742 0.003906 0.005373
0 0.643055 0.989943 0.003906 0.005373
0 0.141401 0.296845 0.003906 0.005373
0 0.226305 0.117548 0.003906 0.005373
0 0.294326 0.041077 0.003906 0.005373
0 0.108277 0.454893 0.003906 0.005373
0 0.108442 0.451344 0.003906 0.005373
0 0.267016 0.949340 0.003906 0.005373
0 0.140258 0.242641 0.003906 0.005373
0 0.140621 0.241643 0.003906 0.005373
0 0.088621 0.445249 0.003906 0.005373
0 0.907162 0.640717 0.003906 0.005373
0 0.869471 0.196889 0.003906 0.005373
0 0.837575 0.867903 0.003906 0.005373
0 0.094237 0.284834 0.003906 0.005373
0 0.880821 0.792034 0.003906 0.005373
0 0.106339 0.202079 0.003906 0.005373
0 0.920144 0.269837 0.003906 0.005373
0 0.914759 0.247402 0.003906 0.005373
0 0.195126 0.966872 0.003906 0.005373
0 0.863454 0.108826 0.003906 0.005373
0 0.096120 0.168596 0.003906 0.005373
0 0.071598 0.211521 0.003906 0.005373
0 0.155141 0.975903 0.003906 0.005373
0 0.847921 0.973279 0.003906 0.005373
0 0.066360 0.818591 0.003906 0.005373
0 0.945645 0.195690 0.003906 0.005373
0 0.050887 0.138718 0.003906 0.005373
0 0.948556 0.112360 0.003906 0.005373
0 0.087119 0.960256 0.003906 0.005373
0 0.915215 0.964789 0.003906 0.005373
0 0.011143 0.854234 0.003906 0.005373
0 0.008503 0.091476 0.003906 0.005373
0 0.984761 0.043669 0.003906 0.005373
