0 0.444976 0.408932 0.003906 0.005373
0 0.601849 0.391249 0.003906 0.005373
0 0.499166 0.689002 0.003906 0.005373
0 0.369807 0.619778 0.003906 0.005373
0 0.545325 0.715338 0.003906 0.005373
0 0.316559 0.530223 0.003906 0.005373
0 0.720968 0.511298 0.003906 0.005373
0 0.318844 0.307302 0.003906 0.005373
0 0.716504 0.654951 0.003906 0.005373
0 0.451102 0.223036 0.003906 0.005373
0 0.238237 0.402862 0.003906 0.005373
0 0.674317 0.322344 0.003906 0.005373
0 0.735994 0.406967 0.003906 0.005373
0 0.255161 0.302501 0.003906 0.005373
0 0.664141 0.287855 0.003906 0.005373
0 0.375228 0.187673 0.003906 0.005373
0 0.364630 0.190979 0.003906 0.005373
0 0.677460 0.292312 0.003906 0.005373
0 0.414117 0.787674 0.003906 0.005373
0 0.219963 0.302859 0.003906 0.005373
0 0.796070 0.425267 0.003906 0.005373
0 0.340520 0.783165 0.003906 0.005373
0 0.661528 0.863773 0.003906 0.005373
0 0.182254 0.540210 0.003906 0.005373
0 0.461669 0.863174 0.003906 0.005373
0 0.819336 0.449512 0.003906 0.005373
0 0.744308 0.840292 0.003906 0.005373
0 0.542537 0.118362 0.003906 0.005373
0 0.684059 0.895753 0.003906 0.005373
0 0.600710 0.919892 0.003906 0.005373
0 0.287142 0.793662 0.003906 0.005373
0 0.273768 0.782799 0.003906 0.005373
0 0.868594 0.483334 0.003906 0.005373
0 0.142523 0.250729 0.003906 0.005373
0 0.110942 0.469489 0.003906 0.005373
0 0.749618 0.899558 0.003906 0.005373
0 0.177643 0.164838 0.003906 0.005373
0 0.754108 0.902084 0.003906 0.005373
0 0.832957 0.831374 0.003906 0.005373
0 0.711467 0.170190 0.003906 0.005373
0 0.793647 0.263556 0.003906 0.005373
0 0.234182 0.093531 0.003906 0.005373
0 0.097767 0.489064 0.003906 0.005373
0 0.246702 0.813012 0.003906 0.005373
0 0.693124 0.114259 0.003906 0.005373
0 0.507626 0.016374 0.003906 0.005373
0 0.340526 0.003070 0.003906 0.005373
0 0.875514 0.314628 0.003906 0.005373
0 0.365811 0.951794 0.003906 0.005373
0 0.885375 0.866379 0.003906 0.005373
0 0.759849 0.136861 0.003906 0.005373
0 0.090910 0.654625 0.003906 0.005373
0 0.141416 0.758992 0.003906 0.005373
0 0.064830 0.605957 0.003906 0.005373
0 0.974359 0.576384 0.003906 0.005373
0 0.964630 0.498387 0.003906 0.005373
0 0.100238 0.709938 0.003906 0.005373
0 0.068353 0.127697 0.003906 0.005373
0 0.220246 0.895779 0.003906 0.005373
0 0.078157 0.706432 0.003906 0.005373
0 0.993250 0.798336 0.003906 0.005373
0 0.137655 0.849059 0.003906 0.005373
0 0.008047 0.099275 0.003906 0.005373
0 0.773121 0.017509 0.003906 0.005373
0 0.982297 0.261052 0.003906 0.005373
0 0.047086 0.898037 0.003906 0.005373
