0 0.491427 0.512668 0.003906 0.005373
0 0.540998 0.441597 0.003906 0.005373
0 0.557226 0.654303 0.003906 0.005373
0 0.623224 0.389637 0.003906 0.005373
0 0.422059 0.315792 0.003906 0.005373
0 0.615032 0.675095 0.003906 0.005373
0 0.515617 0.259997 0.003906 0.005373
0 0.615600 0.313985 0.003906 0.005373
0 0.316563 0.468943 0.003906 0.005373
0 0.290207 0.409596 0.003906 0.005373
0 0.730735 0.530677 0.003906 0.005373
0 0.671564 0.245089 0.003906 0.005373
0 0.443275 0.160680 0.003906 0.005373
0 0.585242 0.139203 0.003906 0.005373
0 0.229500 0.601450 0.003906 0.005373
0 0.232363 0.375126 0.003906 0.005373
0 0.237031 0.657630 0.003906 0.005373
0 0.630086 0.137695 0.003906 0.005373
0 0.440403 0.099737 0.003906 0.005373
0 0.198606 0.553656 0.003906 0.005373
0 0.317629 0.141012 0.003906 0.005373
0 0.237241 0.763730 0.003906 0.005373
0 0.310688 0.135630 0.003906 0.005373
0 0.549630 0.952827 0.003906 0.005373
0 0.291774 0.142541 0.003906 0.005373
0 0.268871 0.158997 0.003906 0.005373
0 0.279793 0.866945 0.003906 0.005373
0 0.835997 0.366601 0.003906 0.005373
0 0.204010 0.766832 0.003906 0.005373
0 0.674718 0.072809 0.003906 0.005373
0 0.742048 0.873796 0.003906 0.005373
0 0.684542 0.067870 0.003906 0.005373
0 0.723775 0.101136 0.003906 0.005373
0 0.146998 0.640476 0.003906 0.005373
0 0.356550 0.034700 0.003906 0.005373
0 0.659223 0.043513 0.003906 0.005373
0 0.662010 0.042593 0.003906 0.005373
0 0.840625 0.256306 0.003906 0.005373
0 0.208464 0.126734 0.003906 0.005373
0 0.901813 0.524399 0.003906 0.005373
0 0.712934 0.995926 0.003906 0.005373
0 0.088258 0.389867 0.003906 0.005373
0 0.114357 0.257871 0.003906 0.005373
0 0.180366 0.890994 0.003906 0.005373
0 0.093632 0.267180 0.003906 0.005373
0 0.920443 0.276888 0.003906 0.005373
0 0.053260 0.586817 0.003906 0.005373
0 0.047565 0.435984 0.003906 0.005373
0 0.170070 0.048303 0.003906 0.005373
0 0.977262 0.511771 0.003906 0.005373
0 0.968948 0.710281 0.003906 0.005373
0 0.027924 0.285104 0.003906 0.005373
0 0.023324 0.695015 0.003906 0.005373
0 0.011500 0.319552 0.003906 0.005373
0 0.973810 0.776249 0.003906 0.005373
0 0.978402 0.140986 0.003906 0.005373
0 0.017538 0.048088 0.003906 0.005373
