0 0.554603 0.415734 0.003906 0.005373
0 0.559623 0.598234 0.003906 0.005373
0 0.597541 0.500487 0.003906 0.005373
0 0.608004 0.510059 0.003906 0.005373
0 0.590589 0.415761 0.003906 0.005373
0 0.395964 0.548962 0.003906 0.005373
0 0.573896 0.657469 0.003906 0.005373
0 0.562777 0.327038 0.003906 0.005373
0 0.395027 0.631484 0.003906 0.005373
0 0.352401 0.473657 0.003906 0.005373
0 0.464272 0.702179 0.003906 0.005373
0 0.461847 0.708559 0.003906 0.005373
0 0.359545 0.398303 0.003906 0.005373
0 0.383117 0.346844 0.003906 0.005373
0 0.516186 0.738993 0.003906 0.005373
0 0.390140 0.311410 0.003906 0.005373
0 0.591537 0.710197 0.003906 0.005373
0 0.660025 0.612378 0.003906 0.005373
0 0.480886 0.254323 0.003906 0.005373
0 0.609950 0.716105 0.003906 0.005373
0 0.688085 0.446992 0.003906 0.005373
0 0.474717 0.228098 0.003906 0.005373
0 0.360636 0.696918 0.003906 0.005373
0 0.296334 0.509226 0.003906 0.005373
0 0.348385 0.310599 0.003906 0.005373
0 0.553753 0.227362 0.003906 0.005373
0 0.383809 0.742755 0.003906 0.005373
0 0.369446 0.259475 0.003906 0.005373
0 0.368900 0.745541 0.003906 0.005373
0 0.309318 0.342501 0.003906 0.005373
0 0.549240 0.807280 0.003906 0.005373
0 0.717941 0.397515 0.003906 0.005373
0 0.297019 0.650002 0.003906 0.005373
0 0.350506 0.256244 0.003906 0.005373
0 0.715734 0.362807 0.003906 0.005373
0 0.282077 0.636390 0.003906 0.005373
0 0.321471 0.276807 0.003906 0.005373
0 0.741812 0.616271 0.003906 0.005373
0 0.365982 0.191510 0.003906 0.005373
0 0.256131 0.365297 0.003906 0.005373
0 0.712554 0.237768 0.003906 0.005373
0 0.504814 0.893046 0.003906 0.005373
0 0.696761 0.197761 0.003906 0.005373
0 0.764983 0.321287 0.003906 0.005373
0 0.323246 0.174106 0.003906 0.005373
0 0.709995 0.213480 0.003906 0.005373
0 0.561616 0.093761 0.003906 0.005373
0 0.424823 0.097377 0.003906 0.005373
0 0.798476 0.581440 0.003906 0.005373
0 0.196872 0.547739 0.003906 0.005373
0 0.499243 0.078010 0.003906 0.005373
0 0.210429 0.645238 0.003906 0.005373
0 0.376682 0.889065 0.003906 0.005373
0 0.285075 0.193745 0.003906 0.005373
0 0.324748 0.148957 0.003906 0.005373
0 0.648250 0.896735 0.003906 0.005373
0 0.798643 0.673925 0.003906 0.005373
0 0.754431 0.216929 0.003906 0.005373
0 0.650170 0.907494 0.003906 0.005373
0 0.685900 0.120763 0.003906 0.005373
0 0.827724 0.392938 0.003906 0.005373
0 0.342427 0.084984 0.003906 0.005373
0 0.511501 0.026466 0.003906 0.005373
0 0.505578 0.023325 0.003906 0.005373
0 0.161825 0.387036 0.003906 0.005373
0 0.582112 0.028982 0.003906 0.005373
0 0.344187 0.935955 0.003906 0.005373
0 0.687737 0.087030 0.003906 0.005373
0 0.226186 0.190821 0.003906 0.005373
0 0.691101 0.088861 0.003906 0.005373
0 0.446587 0.016919 0.003906 0.005373
0 0.809296 0.742583 0.003906 0.005373
0 0.750176 0.850416 0.003906 0.005373
0 0.444848 0.014166 0.003906 0.005373
0 0.669134 0.066596 0.003906 0.005373
0 0.386643 0.966726 0.003906 0.005373
0 0.694225 0.082934 0.003906 0.005373
0 0.585562 0.018907 0.003906 0.005373
0 0.644487 0.954102 0.003906 0.005373
0 0.677722 0.068382 0.003906 0.005373
0 0.860720 0.574783 0.003906 0.005373
0 0.266214 0.114273 0.003906 0.005373
0 0.318570 0.936252 0.003906 0.005373
0 0.362746 0.967750 0.003906 0.005373
0 0.785887 0.176146 0.003906 0.005373
0 0.855429 0.665867 0.003906 0.005373
0 0.374991 0.987943 0.003906 0.005373
0 0.789711 0.830386 0.003906 0.005373
0 0.861960 0.681494 0.003906 0.005373
0 0.856635 0.718698 0.003906 0.005373
0 0.881290 0.618488 0.003906 0.005373
0 0.308208 0.031314 0.003906 0.005373
0 0.306055 0.968116 0.003906 0.005373
0 0.839716 0.223785 0.003906 0.005373
0 0.104681 0.477887 0.003906 0.005373
0 0.104246 0.401620 0.003906 0.005373
0 0.289154 0.025030 0.003906 0.005373
0 0.856223 0.778944 0.003906 0.005373
0 0.126001 0.256742 0.003906 0.005373
0 0.903196 0.631373 0.003906 0.005373
0 0.913731 0.449960 0.003906 0.005373
0 0.294110 0.002021 0.003906 0.005373
0 0.135469 0.218484 0.003906 0.005373
0 0.221233 0.064304 0.003906 0.005373
0 0.875104 0.772935 0.003906 0.005373
0 0.923383 0.557061 0.003906 0.005373
0 0.928150 0.501369 0.003906 0.005373
0 0.090195 0.326857 0.003906 0.005373
0 0.217166 0.052025 0.003906 0.005373
0 0.929113 0.397578 0.003906 0.005373
0 0.066866 0.424691 0.003906 0.005373
0 0.949024 0.503763 0.003906 0.005373
0 0.814337 0.053095 0.003906 0.005373
0 0.811196 0.041688 0.003906 0.005373
0 0.807884 0.031175 0.003906 0.005373
0 0.885988 0.154021 0.003906 0.005373
0 0.882947 0.144459 0.003906 0.005373
0 0.151806 0.918222 0.003906 0.005373
0 0.813437 0.967356 0.003906 0.005373
0 0.896324 0.162242 0.003906 0.005373
0 0.870743 0.889481 0.003906 0.005373
0 0.853672 0.919175 0.003906 0.005373
0 0.157179 0.060672 0.003906 0.005373
0 0.144087 0.062240 0.003906 0.005373
0 0.935020 0.780793 0.003906 0.005373
0 0.153731 0.961595 0.003906 0.005373
0 0.833426 0.007607 0.003906 0.005373
0 0.092533 0.874819 0.003906 0.005373
0 0.008986 0.573435 0.003906 0.005373
0 0.919963 0.141385 0.003906 0.005373
0 0.939673 0.185054 0.003906 0.005373
0 0.032466 0.258068 0.003906 0.005373
0 0.924059 0.877297 0.003906 0.005373
0 0.061131 0.878634 0.003906 0.005373
0 0.031891 0.809620 0.003906 0.005373
0 0.974124 0.813357 0.003906 0.005373
0 0.030214 0.174135 0.003906 0.005373
0 0.910592 0.040340 0.003906 0.005373
0 0.038070 0.874079 0.003906 0.005373
0 0.040171 0.088432 0.003906 0.005373
0 0.940285 0.981097 0.003906 0.005373
